xof 0303txt 0032
template XSkinMeshHeader {
 <3cf169ce-ff7c-44ab-93c0-f78f62d172e2>
 WORD nMaxSkinWeightsPerVertex;
 WORD nMaxSkinWeightsPerFace;
 WORD nBones;
}

template VertexDuplicationIndices {
<b8d65549-d7c9-4995-89cf-53a9a8b031e3>
 DWORD nIndices;
 DWORD nOriginalVertices;
 array DWORD indices[nIndices];
}

template SkinWeights {
 <6f0d123b-bad2-4167-a0d0-80224f25fabb>
 STRING transformNodeName;
 DWORD nWeights;
 array DWORD vertexIndices[nWeights];
 array FLOAT weights[nWeights];
 Matrix4x4 matrixOffset;
}


Frame Scene_Root {


 FrameTransformMatrix {
  1.000000, 0.000000, 0.000000, 0.000000,
  0.000000, 1.000000, 0.000000, 0.000000,
  0.000000, 0.000000, 1.000000, 0.000000,
  0.000000, 0.000000, 0.000000, 1.000000;;
 }


 Frame Bip01 {

  FrameTransformMatrix {
   0.000001, 0.000000, -1.000000, 0.000000,
   1.000000, -0.000000, 0.000001, 0.000000,
   -0.000000, -1.000000, -0.000000, 0.000000,
   0.023385, 3.888288, 0.036815, 1.000000;;
  }

  Frame Bip01_Pelvis {

   FrameTransformMatrix {
    0.000345, 0.000000, -1.000000, 0.000000,
    1.000000, 0.000001, 0.000345, 0.000000,
    0.000001, -1.000000, 0.000000, 0.000000,
    0.068053, -0.001910, 0.000000, 1.000000;;
   }

   Frame Bip01_L_Leg {

    FrameTransformMatrix {
     -0.977422, 0.208386, -0.034954, 0.000000,
     0.210085, 0.976121, -0.055247, 0.000000,
     0.022607, -0.061343, -0.997861, 0.000000,
     -0.000000, 0.000001, -0.371325, 1.000000;;
    }

    Frame Bip01_L_Leg1 {

     FrameTransformMatrix {
      0.972539, -0.232739, 0.000000, 0.000000,
      0.232739, 0.972539, 0.000000, 0.000000,
      0.000000, 0.000000, 1.000000, 0.000000,
      1.804572, 0.000000, 0.000000, 1.000000;;
     }

     Frame Bip01_L_Foot {

      FrameTransformMatrix {
       0.999476, 0.023168, -0.022609, 0.000000,
       -0.020911, 0.995216, 0.095431, 0.000000,
       0.024712, -0.094908, 0.995179, 0.000000,
       1.759760, 0.000000, 0.000000, 1.000000;;
      }

      Frame Bip01_L_Toe0 {

       FrameTransformMatrix {
        0.000000, 1.000000, 0.000000, 0.000000,
        -1.000000, 0.000000, 0.000000, 0.000000,
        0.000000, 0.000000, 1.000000, 0.000000,
        0.379309, 0.640722, 0.000000, 1.000000;;
       }

       Frame Bip01_L_Toe01 {

        FrameTransformMatrix {
         1.000000, 0.000000, 0.000000, 0.000000,
         0.000000, 1.000000, 0.000000, 0.000000,
         0.000000, 0.000000, 1.000000, 0.000000,
         0.093574, 0.000000, 0.000000, 1.000000;;
        }

        Frame Bip01_L_Toe02 {

         FrameTransformMatrix {
          1.000000, 0.000000, 0.000000, 0.000000,
          0.000000, 1.000000, 0.000000, 0.000000,
          0.000000, 0.000000, 1.000000, 0.000000,
          0.093574, 0.000000, 0.000000, 1.000000;;
         }
        }

       }

       }

      }

     }

    }


    Frame Bip01_R_Leg {

     FrameTransformMatrix {
      -0.995490, -0.080381, 0.050384, 0.000000,
      -0.065010, 0.964816, 0.254762, 0.000000,
      -0.069090, 0.250338, -0.965690, 0.000000,
      0.000000, -0.000000, 0.371325, 1.000000;;
     }

     Frame Bip01_R_Leg1 {

      FrameTransformMatrix {
       0.991876, -0.127212, 0.000000, 0.000000,
       0.127212, 0.991876, 0.000000, 0.000000,
       0.000000, 0.000000, 1.000000, 0.000000,
       1.804572, 0.000000, 0.000000, 1.000000;;
      }

      Frame Bip01_R_Foot {

       FrameTransformMatrix {
        0.979132, 0.191122, 0.069089, 0.000000,
        -0.192778, 0.981075, 0.018103, 0.000000,
        -0.064322, -0.031044, 0.997446, 0.000000,
        1.759760, 0.000000, 0.000000, 1.000000;;
       }

       Frame Bip01_R_Toe0 {

        FrameTransformMatrix {
         0.000000, 1.000000, 0.000000, 0.000000,
         -1.000000, 0.000000, 0.000000, 0.000000,
         0.000000, 0.000000, 1.000000, 0.000000,
         0.379309, 0.640722, 0.000000, 1.000000;;
        }

        Frame Bip01_R_Toe01 {

         FrameTransformMatrix {
          1.000000, 0.000000, 0.000000, 0.000000,
          0.000000, 1.000000, 0.000000, 0.000000,
          0.000000, 0.000000, 1.000000, 0.000000,
          0.093574, 0.000000, 0.000000, 1.000000;;
         }

         Frame Bip01_R_Toe02 {

          FrameTransformMatrix {
           1.000000, 0.000000, 0.000000, 0.000000,
           0.000000, 1.000000, 0.000000, 0.000000,
           0.000000, 0.000000, 1.000000, 0.000000,
           0.093574, 0.000000, 0.000000, 1.000000;;
          }
         }

        }

        }

       }

      }

     }


     Frame Bip01_Spine {

      FrameTransformMatrix {
       0.999955, 0.009495, 0.000662, 0.000000,
       -0.009518, 0.997521, 0.069722, 0.000000,
       0.000002, -0.069726, 0.997566, 0.000000,
       0.129323, 0.068446, -0.000029, 1.000000;;
      }

      Frame Bip01_Spine1 {

       FrameTransformMatrix {
        0.997567, -0.069721, 0.000000, 0.000000,
        0.069721, 0.997567, 0.000000, 0.000000,
        0.000000, 0.000000, 1.000000, 0.000000,
        0.530969, -0.000383, 0.000000, 1.000000;;
       }

       Frame Bip01_Spine2 {

        FrameTransformMatrix {
         1.000000, -0.000002, 0.000062, 0.000000,
         -0.000003, 0.996920, 0.078419, 0.000000,
         -0.000062, -0.078419, 0.996920, 0.000000,
         0.482723, -0.000460, -0.000036, 1.000000;;
        }

        Frame Bip01_Spine3 {

         FrameTransformMatrix {
          0.999848, 0.017443, 0.000000, 0.000000,
          -0.017443, 0.999848, 0.000000, 0.000000,
          0.000000, 0.000000, 1.000000, 0.000000,
          0.579276, -0.000530, 0.000000, 1.000000;;
         }

         Frame Bip01_Neck {

          FrameTransformMatrix {
           0.891115, 0.453778, -0.000001, 0.000000,
           -0.453778, 0.891115, 0.000000, 0.000000,
           0.000001, 0.000000, 1.000000, 0.000000,
           0.666232, -0.000145, 0.000000, 1.000000;;
          }

          Frame Bip01_Head {

           FrameTransformMatrix {
            0.987441, -0.151369, -0.045261, 0.000000,
            0.142555, 0.977128, -0.157791, 0.000000,
            0.068110, 0.149357, 0.986435, 0.000000,
            0.204698, 0.000000, 0.000000, 1.000000;;
           }
          }


          Frame Bip01_L_Arm {

           FrameTransformMatrix {
            -0.176965, 0.090290, -0.980067, 0.000000,
            -0.454487, -0.890753, 0.000003, 0.000000,
            -0.872998, 0.445428, 0.198668, 0.000000,
            -0.311202, 0.151725, -0.434191, 1.000000;;
           }

           Frame Bip01_L_Arm1 {

            FrameTransformMatrix {
             0.289578, 0.274541, 0.916936, 0.000000,
             -0.299208, 0.935936, -0.185736, 0.000000,
             -0.909186, -0.220570, 0.353172, 0.000000,
             0.482723, 0.000000, -0.000000, 1.000000;;
            }

            Frame Bip01_L_Arm2 {

             FrameTransformMatrix {
              0.959034, -0.283290, 0.000000, 0.000000,
              0.283290, 0.959034, 0.000000, 0.000000,
              0.000000, 0.000000, 1.000000, 0.000000,
              1.113977, -0.000000, 0.000000, 1.000000;;
             }

             Frame Bip01_L_Hand {

              FrameTransformMatrix {
               0.997567, -0.069721, 0.000000, 0.000000,
               0.000056, 0.000794, 1.000000, 0.000000,
               -0.069721, -0.997566, 0.000796, 0.000000,
               1.031460, 0.000000, -0.000000, 1.000000;;
              }
             }

            }

            }

           }


           Frame Bip01_R_Arm {

            FrameTransformMatrix {
             -0.176965, 0.090296, 0.980066, 0.000000,
             -0.454488, -0.890753, 0.000003, 0.000000,
             0.872997, -0.445427, 0.198671, 0.000000,
             -0.286990, 0.139966, 0.414040, 1.000000;;
            }

            Frame Bip01_R_Arm1 {

             FrameTransformMatrix {
              0.264071, -0.017090, -0.964352, 0.000000,
              -0.199983, 0.977145, -0.072078, 0.000000,
              0.943543, 0.211888, 0.254618, 0.000000,
              0.497205, 0.000000, 0.000000, 1.000000;;
             }

             Frame Bip01_R_Arm2 {

              FrameTransformMatrix {
               0.930711, -0.365756, 0.000000, 0.000000,
               0.365756, 0.930711, 0.000000, 0.000000,
               0.000000, 0.000000, 1.000000, 0.000000,
               1.113976, 0.000000, 0.000000, 1.000000;;
              }

              Frame Bip01_R_Hand {

               FrameTransformMatrix {
                0.997567, -0.069721, 0.000000, 0.000000,
                0.000056, 0.000794, -1.000000, 0.000000,
                0.069721, 0.997566, 0.000796, 0.000000,
                1.031460, 0.000000, -0.000000, 1.000000;;
               }
              }

             }

             }

            }

           }

         }

        }

       }

      }

     }

  Frame drake_BMP {

   FrameTransformMatrix {
    1.000000, 0.000000, 0.000000, 0.000000,
    0.000000, 1.000000, 0.000000, 0.000000,
    0.000000, 0.000000, 1.000000, 0.000000,
    0.000000, 0.000000, 0.000000, 1.000000;;
   }

 }
 }
}

AnimationSet AnimationSet0 {

 Animation {

  AnimationKey {
   4;
   2;
   0; 16; 1.000000, 0.000000, 0.000000, 0.000000, 0.000000, 1.000000, 0.000000, 0.000000, 0.000000, 0.000000, 1.000000, 0.000000, 0.000000, 0.000000, 0.000000, 1.000000;;,
   39; 16; 1.000000, 0.000000, 0.000000, 0.000000, 0.000000, 1.000000, 0.000000, 0.000000, 0.000000, 0.000000, 1.000000, 0.000000, 0.000000, 0.000000, 0.000000, 1.000000;;;
  }
  { Scene_Root }
 }

 Animation Bip01Animation {

  AnimationKey {
   4;
   41;

   -1; 16; -0.000078, 0.000000, -1.000000, 0.000000, 1.000000, -0.000000, -0.000078, 0.000000, -0.000000, -1.000000, -0.000000, 0.000000, 0.023385, 3.888288, 0.036815, 1.000000;;,
   0; 16; -0.000078, 0.000000, -1.000000, 0.000000, 1.000000, -0.000000, -0.000078, 0.000000, -0.000000, -1.000000, -0.000000, 0.000000, 0.023385, 3.888288, 0.036815, 1.000000;;,
   1; 16; -0.000078, 0.000000, -1.000000, 0.000000, 1.000000, -0.000000, -0.000078, 0.000000, -0.000000, -1.000000, -0.000000, 0.000000, 0.023385, 3.888288, 0.036815, 1.000000;;,
   2; 16; -0.000078, 0.000000, -1.000000, 0.000000, 1.000000, -0.000000, -0.000078, 0.000000, -0.000000, -1.000000, -0.000000, 0.000000, 0.023385, 3.888288, 0.036815, 1.000000;;,
   3; 16; -0.000078, 0.000000, -1.000000, 0.000000, 1.000000, -0.000000, -0.000078, 0.000000, -0.000000, -1.000000, -0.000000, 0.000000, 0.023385, 3.888288, 0.036815, 1.000000;;,
   4; 16; -0.000078, 0.000000, -1.000000, 0.000000, 1.000000, -0.000000, -0.000078, 0.000000, -0.000000, -1.000000, -0.000000, 0.000000, 0.023385, 3.888288, 0.036815, 1.000000;;,
   5; 16; -0.000078, 0.000000, -1.000000, 0.000000, 1.000000, -0.000000, -0.000078, 0.000000, -0.000000, -1.000000, -0.000000, 0.000000, 0.023385, 3.888288, 0.036815, 1.000000;;,
   6; 16; -0.000078, 0.000000, -1.000000, 0.000000, 1.000000, -0.000000, -0.000078, 0.000000, -0.000000, -1.000000, -0.000000, 0.000000, 0.023385, 3.888288, 0.036815, 1.000000;;,
   7; 16; -0.000078, 0.000000, -1.000000, 0.000000, 1.000000, -0.000000, -0.000078, 0.000000, -0.000000, -1.000000, -0.000000, 0.000000, 0.023385, 3.888288, 0.036815, 1.000000;;,
   8; 16; -0.000078, 0.000000, -1.000000, 0.000000, 1.000000, -0.000000, -0.000078, 0.000000, -0.000000, -1.000000, -0.000000, 0.000000, 0.023385, 3.888288, 0.036815, 1.000000;;,
   9; 16; -0.000078, 0.000000, -1.000000, 0.000000, 1.000000, -0.000000, -0.000078, 0.000000, -0.000000, -1.000000, -0.000000, 0.000000, 0.023385, 3.888288, 0.036815, 1.000000;;,
   10; 16; -0.000078, 0.000000, -1.000000, 0.000000, 1.000000, -0.000000, -0.000078, 0.000000, -0.000000, -1.000000, -0.000000, 0.000000, 0.023385, 3.888288, 0.036815, 1.000000;;,
   11; 16; -0.000078, 0.000000, -1.000000, 0.000000, 1.000000, -0.000000, -0.000078, 0.000000, -0.000000, -1.000000, -0.000000, 0.000000, 0.023385, 3.888288, 0.036815, 1.000000;;,
   12; 16; -0.000078, 0.000000, -1.000000, 0.000000, 1.000000, -0.000000, -0.000078, 0.000000, -0.000000, -1.000000, -0.000000, 0.000000, 0.023385, 3.888288, 0.036815, 1.000000;;,
   13; 16; -0.000078, 0.000000, -1.000000, 0.000000, 1.000000, -0.000000, -0.000078, 0.000000, -0.000000, -1.000000, -0.000000, 0.000000, 0.023385, 3.888288, 0.036815, 1.000000;;,
   14; 16; -0.000078, 0.000000, -1.000000, 0.000000, 1.000000, -0.000000, -0.000078, 0.000000, -0.000000, -1.000000, -0.000000, 0.000000, 0.023385, 3.888288, 0.036815, 1.000000;;,
   15; 16; -0.000078, 0.000000, -1.000000, 0.000000, 1.000000, -0.000000, -0.000078, 0.000000, -0.000000, -1.000000, -0.000000, 0.000000, 0.023385, 3.888288, 0.036815, 1.000000;;,
   16; 16; -0.000078, 0.000000, -1.000000, 0.000000, 1.000000, -0.000000, -0.000078, 0.000000, -0.000000, -1.000000, -0.000000, 0.000000, 0.023385, 3.888288, 0.036815, 1.000000;;,
   17; 16; -0.000078, 0.000000, -1.000000, 0.000000, 1.000000, -0.000000, -0.000078, 0.000000, -0.000000, -1.000000, -0.000000, 0.000000, 0.023385, 3.888288, 0.036815, 1.000000;;,
   18; 16; -0.000078, 0.000000, -1.000000, 0.000000, 1.000000, -0.000000, -0.000078, 0.000000, -0.000000, -1.000000, -0.000000, 0.000000, 0.023385, 3.888288, 0.036815, 1.000000;;,
   19; 16; -0.000078, 0.000000, -1.000000, 0.000000, 1.000000, -0.000000, -0.000078, 0.000000, -0.000000, -1.000000, -0.000000, 0.000000, 0.023385, 3.888288, 0.036815, 1.000000;;,
   20; 16; -0.000078, 0.000000, -1.000000, 0.000000, 1.000000, -0.000000, -0.000078, 0.000000, -0.000000, -1.000000, -0.000000, 0.000000, 0.023385, 3.888288, 0.036815, 1.000000;;,
   21; 16; -0.000078, 0.000000, -1.000000, 0.000000, 1.000000, -0.000000, -0.000078, 0.000000, -0.000000, -1.000000, -0.000000, 0.000000, 0.023385, 3.888288, 0.036815, 1.000000;;,
   22; 16; -0.000078, 0.000000, -1.000000, 0.000000, 1.000000, -0.000000, -0.000078, 0.000000, -0.000000, -1.000000, -0.000000, 0.000000, 0.023385, 3.888288, 0.036815, 1.000000;;,
   23; 16; -0.000078, 0.000000, -1.000000, 0.000000, 1.000000, -0.000000, -0.000078, 0.000000, -0.000000, -1.000000, -0.000000, 0.000000, 0.023385, 3.888288, 0.036815, 1.000000;;,
   24; 16; -0.000078, 0.000000, -1.000000, 0.000000, 1.000000, -0.000000, -0.000078, 0.000000, -0.000000, -1.000000, -0.000000, 0.000000, 0.023385, 3.888288, 0.036815, 1.000000;;,
   25; 16; -0.000078, 0.000000, -1.000000, 0.000000, 1.000000, -0.000000, -0.000078, 0.000000, -0.000000, -1.000000, -0.000000, 0.000000, 0.023385, 3.888288, 0.036815, 1.000000;;,
   26; 16; -0.000078, 0.000000, -1.000000, 0.000000, 1.000000, -0.000000, -0.000078, 0.000000, -0.000000, -1.000000, -0.000000, 0.000000, 0.023385, 3.888288, 0.036815, 1.000000;;,
   27; 16; -0.000078, 0.000000, -1.000000, 0.000000, 1.000000, -0.000000, -0.000078, 0.000000, -0.000000, -1.000000, -0.000000, 0.000000, 0.023385, 3.888288, 0.036815, 1.000000;;,
   28; 16; -0.000078, 0.000000, -1.000000, 0.000000, 1.000000, -0.000000, -0.000078, 0.000000, -0.000000, -1.000000, -0.000000, 0.000000, 0.023385, 3.888288, 0.036815, 1.000000;;,
   29; 16; -0.000078, 0.000000, -1.000000, 0.000000, 1.000000, -0.000000, -0.000078, 0.000000, -0.000000, -1.000000, -0.000000, 0.000000, 0.023385, 3.888288, 0.036815, 1.000000;;,
   30; 16; -0.000078, 0.000000, -1.000000, 0.000000, 1.000000, -0.000000, -0.000078, 0.000000, -0.000000, -1.000000, -0.000000, 0.000000, 0.023385, 3.888288, 0.036815, 1.000000;;,
   31; 16; -0.000078, 0.000000, -1.000000, 0.000000, 1.000000, -0.000000, -0.000078, 0.000000, -0.000000, -1.000000, -0.000000, 0.000000, 0.023385, 3.888288, 0.036815, 1.000000;;,
   32; 16; -0.000078, 0.000000, -1.000000, 0.000000, 1.000000, -0.000000, -0.000078, 0.000000, -0.000000, -1.000000, -0.000000, 0.000000, 0.023385, 3.888288, 0.036815, 1.000000;;,
   33; 16; -0.000078, 0.000000, -1.000000, 0.000000, 1.000000, -0.000000, -0.000078, 0.000000, -0.000000, -1.000000, -0.000000, 0.000000, 0.023385, 3.888288, 0.036815, 1.000000;;,
   34; 16; -0.000078, 0.000000, -1.000000, 0.000000, 1.000000, -0.000000, -0.000078, 0.000000, -0.000000, -1.000000, -0.000000, 0.000000, 0.023385, 3.888288, 0.036815, 1.000000;;,
   35; 16; -0.000078, 0.000000, -1.000000, 0.000000, 1.000000, -0.000000, -0.000078, 0.000000, -0.000000, -1.000000, -0.000000, 0.000000, 0.023385, 3.888288, 0.036815, 1.000000;;,
   36; 16; -0.000078, 0.000000, -1.000000, 0.000000, 1.000000, -0.000000, -0.000078, 0.000000, -0.000000, -1.000000, -0.000000, 0.000000, 0.023385, 3.888288, 0.036815, 1.000000;;,
   37; 16; -0.000078, 0.000000, -1.000000, 0.000000, 1.000000, -0.000000, -0.000078, 0.000000, -0.000000, -1.000000, -0.000000, 0.000000, 0.023385, 3.888288, 0.036815, 1.000000;;,
   38; 16; -0.000078, 0.000000, -1.000000, 0.000000, 1.000000, -0.000000, -0.000078, 0.000000, -0.000000, -1.000000, -0.000000, 0.000000, 0.023385, 3.888288, 0.036815, 1.000000;;,
   39; 16; -0.000078, 0.000000, -1.000000, 0.000000, 1.000000, -0.000000, -0.000078, 0.000000, -0.000000, -1.000000, -0.000000, 0.000000, 0.023385, 3.888288, 0.036815, 1.000000;;;
  }
  AnimationOptions {
   0;
   0;
  }
  { Bip01 }
 }

 Animation Bip01_PelvisAnimation {

  AnimationKey {
   4;
   41;

   -1; 16; 0.000009, -0.000000, -1.000000, 0.000000, 1.000000, 0.000001, 0.000009, 0.000000, 0.000001, -1.000000, 0.000000, 0.000000, 0.068053, -0.001910, -0.000000, 1.000000;;,
   0; 16; 0.000009, -0.000000, -1.000000, 0.000000, 1.000000, 0.000001, 0.000009, 0.000000, 0.000001, -1.000000, 0.000000, 0.000000, 0.067272, -0.001910, -0.000000, 1.000000;;,
   1; 16; 0.000009, -0.000000, -1.000000, 0.000000, 1.000000, 0.000001, 0.000009, 0.000000, 0.000001, -1.000000, 0.000000, 0.000000, 0.065709, -0.001910, -0.000000, 1.000000;;,
   2; 16; 0.000009, -0.000000, -1.000000, 0.000000, 1.000000, 0.000001, 0.000009, 0.000000, 0.000001, -1.000000, 0.000000, 0.000000, 0.064147, -0.001520, -0.000000, 1.000000;;,
   3; 16; 0.000009, -0.000000, -1.000000, 0.000000, 1.000000, 0.000001, 0.000009, 0.000000, 0.000001, -1.000000, 0.000000, 0.000000, 0.062584, -0.001129, -0.000000, 1.000000;;,
   4; 16; 0.000009, -0.000000, -1.000000, 0.000000, 1.000000, 0.000001, 0.000009, 0.000000, 0.000001, -1.000000, 0.000000, 0.000000, 0.060631, -0.001129, -0.000000, 1.000000;;,
   5; 16; 0.000009, -0.000000, -1.000000, 0.000000, 1.000000, 0.000001, 0.000009, 0.000000, 0.000001, -1.000000, 0.000000, 0.000000, 0.059069, -0.000738, 0.000000, 1.000000;;,
   6; 16; 0.000009, -0.000000, -1.000000, 0.000000, 1.000000, 0.000001, 0.000009, 0.000000, 0.000001, -1.000000, 0.000000, 0.000000, 0.057506, -0.000348, -0.000000, 1.000000;;,
   7; 16; 0.000009, -0.000000, -1.000000, 0.000000, 1.000000, 0.000001, 0.000009, 0.000000, 0.000001, -1.000000, 0.000000, 0.000000, 0.055944, -0.000348, -0.000000, 1.000000;;,
   8; 16; 0.000009, -0.000000, -1.000000, 0.000000, 1.000000, 0.000001, 0.000009, 0.000000, 0.000001, -1.000000, 0.000000, 0.000000, 0.054381, 0.000043, -0.000000, 1.000000;;,
   9; 16; 0.000009, -0.000000, -1.000000, 0.000000, 1.000000, 0.000001, 0.000009, 0.000000, 0.000001, -1.000000, 0.000000, 0.000000, 0.052818, 0.000043, -0.000000, 1.000000;;,
   10; 16; 0.000009, -0.000000, -1.000000, 0.000000, 1.000000, 0.000001, 0.000009, 0.000000, 0.000001, -1.000000, 0.000000, 0.000000, 0.051256, 0.000434, -0.000000, 1.000000;;,
   11; 16; 0.000009, -0.000000, -1.000000, 0.000000, 1.000000, 0.000001, 0.000009, 0.000000, 0.000001, -1.000000, 0.000000, 0.000000, 0.049693, 0.000824, -0.000000, 1.000000;;,
   12; 16; 0.000009, -0.000000, -1.000000, 0.000000, 1.000000, 0.000001, 0.000009, 0.000000, 0.000001, -1.000000, 0.000000, 0.000000, 0.048131, 0.000824, 0.000000, 1.000000;;,
   13; 16; 0.000009, -0.000000, -1.000000, 0.000000, 1.000000, 0.000001, 0.000009, 0.000000, 0.000001, -1.000000, 0.000000, 0.000000, 0.046959, 0.001215, -0.000000, 1.000000;;,
   14; 16; 0.000009, -0.000000, -1.000000, 0.000000, 1.000000, 0.000001, 0.000009, 0.000000, 0.000001, -1.000000, 0.000000, 0.000000, 0.045787, 0.001215, 0.000000, 1.000000;;,
   15; 16; 0.000009, -0.000000, -1.000000, 0.000000, 1.000000, 0.000001, 0.000009, 0.000000, 0.000001, -1.000000, 0.000000, 0.000000, 0.044615, 0.001605, 0.000000, 1.000000;;,
   16; 16; 0.000009, -0.000000, -1.000000, 0.000000, 1.000000, 0.000001, 0.000009, 0.000000, 0.000001, -1.000000, 0.000000, 0.000000, 0.043443, 0.001605, -0.000000, 1.000000;;,
   17; 16; 0.000009, -0.000000, -1.000000, 0.000000, 1.000000, 0.000001, 0.000009, 0.000000, 0.000001, -1.000000, 0.000000, 0.000000, 0.042271, 0.001605, -0.000000, 1.000000;;,
   18; 16; 0.000009, -0.000000, -1.000000, 0.000000, 1.000000, 0.000001, 0.000009, 0.000000, 0.000001, -1.000000, 0.000000, 0.000000, 0.040709, 0.001996, -0.000000, 1.000000;;,
   19; 16; 0.000009, -0.000000, -1.000000, 0.000000, 1.000000, 0.000001, 0.000009, 0.000000, 0.000001, -1.000000, 0.000000, 0.000000, 0.038755, 0.002387, -0.000000, 1.000000;;,
   20; 16; 0.000009, -0.000000, -1.000000, 0.000000, 1.000000, 0.000001, 0.000009, 0.000000, 0.000001, -1.000000, 0.000000, 0.000000, 0.036802, 0.002387, -0.000000, 1.000000;;,
   21; 16; 0.000009, -0.000000, -1.000000, 0.000000, 1.000000, 0.000001, 0.000009, 0.000000, 0.000001, -1.000000, 0.000000, 0.000000, 0.039537, 0.001996, -0.000000, 1.000000;;,
   22; 16; 0.000009, -0.000000, -1.000000, 0.000000, 1.000000, 0.000001, 0.000009, 0.000000, 0.000001, -1.000000, 0.000000, 0.000000, 0.041490, 0.001996, 0.000000, 1.000000;;,
   23; 16; 0.000009, -0.000000, -1.000000, 0.000000, 1.000000, 0.000001, 0.000009, 0.000000, 0.000001, -1.000000, 0.000000, 0.000000, 0.043834, 0.001605, 0.000000, 1.000000;;,
   24; 16; 0.000009, -0.000000, -1.000000, 0.000000, 1.000000, 0.000001, 0.000009, 0.000000, 0.000001, -1.000000, 0.000000, 0.000000, 0.046178, 0.001215, 0.000000, 1.000000;;,
   25; 16; 0.000009, -0.000000, -1.000000, 0.000000, 1.000000, 0.000001, 0.000009, 0.000000, 0.000001, -1.000000, 0.000000, 0.000000, 0.048131, 0.000824, 0.000000, 1.000000;;,
   26; 16; 0.000009, -0.000000, -1.000000, 0.000000, 1.000000, 0.000001, 0.000009, 0.000000, 0.000001, -1.000000, 0.000000, 0.000000, 0.050084, 0.000434, 0.000000, 1.000000;;,
   27; 16; 0.000009, -0.000000, -1.000000, 0.000000, 1.000000, 0.000001, 0.000009, 0.000000, 0.000001, -1.000000, 0.000000, 0.000000, 0.051646, 0.000434, -0.000000, 1.000000;;,
   28; 16; 0.000009, -0.000000, -1.000000, 0.000000, 1.000000, 0.000001, 0.000009, 0.000000, 0.000001, -1.000000, 0.000000, 0.000000, 0.053600, 0.000043, 0.000000, 1.000000;;,
   29; 16; 0.000009, -0.000000, -1.000000, 0.000000, 1.000000, 0.000001, 0.000009, 0.000000, 0.000001, -1.000000, 0.000000, 0.000000, 0.055162, 0.000043, -0.000000, 1.000000;;,
   30; 16; 0.000009, -0.000000, -1.000000, 0.000000, 1.000000, 0.000001, 0.000009, 0.000000, 0.000001, -1.000000, 0.000000, 0.000000, 0.057506, -0.000348, -0.000000, 1.000000;;,
   31; 16; 0.000009, -0.000000, -1.000000, 0.000000, 1.000000, 0.000001, 0.000009, 0.000000, 0.000001, -1.000000, 0.000000, 0.000000, 0.059069, -0.000738, 0.000000, 1.000000;;,
   32; 16; 0.000009, -0.000000, -1.000000, 0.000000, 1.000000, 0.000001, 0.000009, 0.000000, 0.000001, -1.000000, 0.000000, 0.000000, 0.060631, -0.001129, -0.000000, 1.000000;;,
   33; 16; 0.000009, -0.000000, -1.000000, 0.000000, 1.000000, 0.000001, 0.000009, 0.000000, 0.000001, -1.000000, 0.000000, 0.000000, 0.061803, -0.001129, -0.000000, 1.000000;;,
   34; 16; 0.000009, -0.000000, -1.000000, 0.000000, 1.000000, 0.000001, 0.000009, 0.000000, 0.000001, -1.000000, 0.000000, 0.000000, 0.063366, -0.001520, -0.000000, 1.000000;;,
   35; 16; 0.000009, -0.000000, -1.000000, 0.000000, 1.000000, 0.000001, 0.000009, 0.000000, 0.000001, -1.000000, 0.000000, 0.000000, 0.064538, -0.001520, -0.000000, 1.000000;;,
   36; 16; 0.000009, -0.000000, -1.000000, 0.000000, 1.000000, 0.000001, 0.000009, 0.000000, 0.000001, -1.000000, 0.000000, 0.000000, 0.065709, -0.001520, -0.000000, 1.000000;;,
   37; 16; 0.000009, -0.000000, -1.000000, 0.000000, 1.000000, 0.000001, 0.000009, 0.000000, 0.000001, -1.000000, 0.000000, 0.000000, 0.066491, -0.001910, -0.000000, 1.000000;;,
   38; 16; 0.000009, -0.000000, -1.000000, 0.000000, 1.000000, 0.000001, 0.000009, 0.000000, 0.000001, -1.000000, 0.000000, 0.000000, 0.067663, -0.001910, -0.000000, 1.000000;;,
   39; 16; 0.000009, -0.000000, -1.000000, 0.000000, 1.000000, 0.000001, 0.000009, 0.000000, 0.000001, -1.000000, 0.000000, 0.000000, 0.068053, -0.001910, -0.000000, 1.000000;;;
  }
  AnimationOptions {
   0;
   0;
  }
  { Bip01_Pelvis }
 }

 Animation Bip01_L_LegAnimation {

  AnimationKey {
   4;
   41;

   -1; 16; -0.977422, 0.208386, -0.034954, 0.000000, 0.210085, 0.976121, -0.055247, 0.000000, 0.022607, -0.061343, -0.997861, 0.000000, -0.000000, 0.000001, -0.371325, 1.000000;;,
   0; 16; -0.976772, 0.211413, -0.034954, 0.000000, 0.213108, 0.975465, -0.055247, 0.000000, 0.022417, -0.061413, -0.997861, 0.000000, -0.000000, 0.000001, -0.371325, 1.000000;;,
   1; 16; -0.975898, 0.215392, -0.035051, 0.000000, 0.217085, 0.974593, -0.055151, 0.000000, 0.022281, -0.061431, -0.997863, 0.000000, -0.000000, 0.000001, -0.371325, 1.000000;;,
   2; 16; -0.974872, 0.220005, -0.034954, 0.000000, 0.221681, 0.973569, -0.054960, 0.000000, 0.021939, -0.061327, -0.997877, 0.000000, -0.000000, 0.000001, -0.371325, 1.000000;;,
   3; 16; -0.973724, 0.225035, -0.034954, 0.000000, 0.226703, 0.972418, -0.054865, 0.000000, 0.021644, -0.061347, -0.997882, 0.000000, -0.000000, 0.000001, -0.371325, 1.000000;;,
   4; 16; -0.972464, 0.230429, -0.034859, 0.000000, 0.232082, 0.971153, -0.054769, 0.000000, 0.021233, -0.061351, -0.997890, 0.000000, -0.000000, 0.000001, -0.371325, 1.000000;;,
   5; 16; -0.971128, 0.236029, -0.034668, 0.000000, 0.237660, 0.969808, -0.054674, 0.000000, 0.020716, -0.061334, -0.997902, 0.000000, -0.000000, 0.000001, -0.371325, 1.000000;;,
   6; 16; -0.969732, 0.241727, -0.034477, 0.000000, 0.243336, 0.968405, -0.054578, 0.000000, 0.020194, -0.061316, -0.997914, 0.000000, -0.000000, 0.000001, -0.371325, 1.000000;;,
   7; 16; -0.968319, 0.247364, -0.034190, 0.000000, 0.248945, 0.966989, -0.054387, 0.000000, 0.019608, -0.061176, -0.997934, 0.000000, -0.000000, 0.000001, -0.371325, 1.000000;;,
   8; 16; -0.966888, 0.252940, -0.033904, 0.000000, 0.254493, 0.965549, -0.054293, 0.000000, 0.019003, -0.061124, -0.997949, 0.000000, -0.000000, 0.000001, -0.371325, 1.000000;;,
   9; 16; -0.965483, 0.258300, -0.033521, 0.000000, 0.259822, 0.964129, -0.054294, 0.000000, 0.018295, -0.061129, -0.997962, 0.000000, -0.000000, 0.000001, -0.371325, 1.000000;;,
   10; 16; -0.964106, 0.263441, -0.033140, 0.000000, 0.264932, 0.962743, -0.054199, 0.000000, 0.017627, -0.061033, -0.997980, 0.000000, -0.000000, 0.000001, -0.371325, 1.000000;;,
   11; 16; -0.962807, 0.268210, -0.032662, 0.000000, 0.269663, 0.961434, -0.054104, 0.000000, 0.016891, -0.060899, -0.998001, 0.000000, -0.000000, 0.000001, -0.371325, 1.000000;;,
   12; 16; -0.961554, 0.272711, -0.032280, 0.000000, 0.274134, 0.960168, -0.054104, 0.000000, 0.016239, -0.060873, -0.998013, 0.000000, -0.000000, 0.000001, -0.371325, 1.000000;;,
   13; 16; -0.960420, 0.276736, -0.031802, 0.000000, 0.278124, 0.959020, -0.054105, 0.000000, 0.015526, -0.060809, -0.998029, 0.000000, -0.000000, 0.000001, -0.371325, 1.000000;;,
   14; 16; -0.959390, 0.280339, -0.031324, 0.000000, 0.281693, 0.957978, -0.054106, 0.000000, 0.014840, -0.060733, -0.998044, 0.000000, -0.000000, 0.000001, -0.371325, 1.000000;;,
   15; 16; -0.958503, 0.283420, -0.030751, 0.000000, 0.284734, 0.957078, -0.054107, 0.000000, 0.014096, -0.060617, -0.998062, 0.000000, -0.000000, 0.000001, -0.371325, 1.000000;;,
   16; 16; -0.957774, 0.285923, -0.030274, 0.000000, 0.287205, 0.956340, -0.054108, 0.000000, 0.013482, -0.060518, -0.998076, 0.000000, -0.000000, 0.000001, -0.371325, 1.000000;;,
   17; 16; -0.957214, 0.287853, -0.029700, 0.000000, 0.289098, 0.955769, -0.054109, 0.000000, 0.012811, -0.060380, -0.998093, 0.000000, -0.000000, 0.000001, -0.371325, 1.000000;;,
   18; 16; -0.956820, 0.289210, -0.029223, 0.000000, 0.290424, 0.955361, -0.054205, 0.000000, 0.012241, -0.060352, -0.998102, 0.000000, -0.000000, 0.000001, -0.371325, 1.000000;;,
   19; 16; -0.956647, 0.289838, -0.028650, 0.000000, 0.291018, 0.955175, -0.054302, 0.000000, 0.011627, -0.060285, -0.998113, 0.000000, -0.000000, 0.000001, -0.371325, 1.000000;;,
   20; 16; -0.956686, 0.289680, -0.028937, 0.000000, 0.290877, 0.955224, -0.054206, 0.000000, 0.011939, -0.060275, -0.998110, 0.000000, -0.000000, 0.000001, -0.371325, 1.000000;;,
   21; 16; -0.957107, 0.288218, -0.029605, 0.000000, 0.289456, 0.955661, -0.054109, 0.000000, 0.012697, -0.060357, -0.998096, 0.000000, -0.000000, 0.000001, -0.371325, 1.000000;;,
   22; 16; -0.957699, 0.286184, -0.030178, 0.000000, 0.287460, 0.956263, -0.054108, 0.000000, 0.013373, -0.060494, -0.998079, 0.000000, -0.000000, 0.000001, -0.371325, 1.000000;;,
   23; 16; -0.958488, 0.283471, -0.030751, 0.000000, 0.284786, 0.957063, -0.054107, 0.000000, 0.014093, -0.060618, -0.998062, 0.000000, -0.000000, 0.000001, -0.371325, 1.000000;;,
   24; 16; -0.959405, 0.280288, -0.031324, 0.000000, 0.281640, 0.957999, -0.054010, 0.000000, 0.014870, -0.060640, -0.998049, 0.000000, -0.000000, 0.000001, -0.371325, 1.000000;;,
   25; 16; -0.960465, 0.276579, -0.031802, 0.000000, 0.277966, 0.959071, -0.054009, 0.000000, 0.015563, -0.060714, -0.998034, 0.000000, -0.000000, 0.000001, -0.371325, 1.000000;;,
   26; 16; -0.961626, 0.272448, -0.032375, 0.000000, 0.273878, 0.960241, -0.054104, 0.000000, 0.016347, -0.060895, -0.998010, 0.000000, -0.000000, 0.000001, -0.371325, 1.000000;;,
   27; 16; -0.962876, 0.267947, -0.032758, 0.000000, 0.269406, 0.961506, -0.054103, 0.000000, 0.017000, -0.060920, -0.997998, 0.000000, -0.000000, 0.000001, -0.371325, 1.000000;;,
   28; 16; -0.964189, 0.263125, -0.033236, 0.000000, 0.264620, 0.962834, -0.054103, 0.000000, 0.017765, -0.060960, -0.997982, 0.000000, -0.000000, 0.000001, -0.371325, 1.000000;;,
   29; 16; -0.965564, 0.257984, -0.033617, 0.000000, 0.259511, 0.964218, -0.054198, 0.000000, 0.018432, -0.061055, -0.997964, 0.000000, -0.000000, 0.000001, -0.371325, 1.000000;;,
   30; 16; -0.966994, 0.252519, -0.033999, 0.000000, 0.254079, 0.965658, -0.054293, 0.000000, 0.019121, -0.061139, -0.997946, 0.000000, -0.000000, 0.000001, -0.371325, 1.000000;;,
   31; 16; -0.968393, 0.247047, -0.034382, 0.000000, 0.248639, 0.967068, -0.054387, 0.000000, 0.019814, -0.061217, -0.997928, 0.000000, -0.000000, 0.000001, -0.371325, 1.000000;;,
   32; 16; -0.969807, 0.241410, -0.034573, 0.000000, 0.243024, 0.968489, -0.054482, 0.000000, 0.020331, -0.061239, -0.997916, 0.000000, -0.000000, 0.000001, -0.371325, 1.000000;;,
   33; 16; -0.971188, 0.235765, -0.034764, 0.000000, 0.237400, 0.969877, -0.054578, 0.000000, 0.020849, -0.061258, -0.997904, 0.000000, -0.000000, 0.000001, -0.371325, 1.000000;;,
   34; 16; -0.972511, 0.230217, -0.034954, 0.000000, 0.231875, 0.971202, -0.054769, 0.000000, 0.021339, -0.061369, -0.997887, 0.000000, -0.000000, 0.000001, -0.371325, 1.000000;;,
   35; 16; -0.973760, 0.224876, -0.034954, 0.000000, 0.226544, 0.972454, -0.054865, 0.000000, 0.021654, -0.061344, -0.997882, 0.000000, -0.000000, 0.000001, -0.371325, 1.000000;;,
   36; 16; -0.974905, 0.219845, -0.035051, 0.000000, 0.221527, 0.973604, -0.054959, 0.000000, 0.022043, -0.061345, -0.997873, 0.000000, -0.000000, 0.000001, -0.371325, 1.000000;;,
   37; 16; -0.975910, 0.215338, -0.035051, 0.000000, 0.217029, 0.974611, -0.055055, 0.000000, 0.022305, -0.061336, -0.997868, 0.000000, -0.000000, 0.000001, -0.371325, 1.000000;;,
   38; 16; -0.976768, 0.211413, -0.035051, 0.000000, 0.213113, 0.975464, -0.055247, 0.000000, 0.022511, -0.061433, -0.997857, 0.000000, -0.000000, 0.000001, -0.371325, 1.000000;;,
   39; 16; -0.977422, 0.208386, -0.034954, 0.000000, 0.210085, 0.976121, -0.055247, 0.000000, 0.022607, -0.061343, -0.997861, 0.000000, -0.000000, 0.000001, -0.371325, 1.000000;;;
  }
  AnimationOptions {
   0;
   0;
  }
  { Bip01_L_Leg }
 }

 Animation Bip01_L_Leg1Animation {

  AnimationKey {
   4;
   41;

   -1; 16; 0.972539, -0.232739, 0.000000, 0.000000, 0.232739, 0.972539, 0.000000, 0.000000, 0.000000, 0.000000, 1.000000, 0.000000, 1.804572, 0.000000, 0.000000, 1.000000;;,
   0; 16; 0.971173, -0.238378, 0.000000, 0.000000, 0.238378, 0.971173, 0.000000, 0.000000, 0.000000, 0.000000, 1.000000, 0.000000, 1.804572, 0.000000, 0.000000, 1.000000;;,
   1; 16; 0.969427, -0.245379, 0.000000, 0.000000, 0.245379, 0.969427, 0.000000, 0.000000, 0.000000, 0.000000, 1.000000, 0.000000, 1.804572, 0.000000, 0.000000, 1.000000;;,
   2; 16; 0.967327, -0.253532, 0.000000, 0.000000, 0.253532, 0.967327, 0.000000, 0.000000, 0.000000, 0.000000, 1.000000, 0.000000, 1.804572, 0.000000, 0.000000, 1.000000;;,
   3; 16; 0.964880, -0.262692, 0.000000, 0.000000, 0.262692, 0.964880, 0.000000, 0.000000, 0.000000, 0.000000, 1.000000, 0.000000, 1.804572, 0.000000, 0.000000, 1.000000;;,
   4; 16; 0.962153, -0.272508, 0.000000, 0.000000, 0.272508, 0.962153, 0.000000, 0.000000, 0.000000, 0.000000, 1.000000, 0.000000, 1.804572, 0.000000, 0.000000, 1.000000;;,
   5; 16; 0.959227, -0.282636, 0.000000, 0.000000, 0.282636, 0.959227, 0.000000, 0.000000, 0.000000, 0.000000, 1.000000, 0.000000, 1.804572, 0.000000, 0.000000, 1.000000;;,
   6; 16; 0.956132, -0.292935, 0.000000, 0.000000, 0.292935, 0.956132, 0.000000, 0.000000, 0.000000, 0.000000, 1.000000, 0.000000, 1.804572, 0.000000, 0.000000, 1.000000;;,
   7; 16; 0.952927, -0.303200, 0.000000, 0.000000, 0.303200, 0.952927, 0.000000, 0.000000, 0.000000, 0.000000, 1.000000, 0.000000, 1.804572, 0.000000, 0.000000, 1.000000;;,
   8; 16; 0.949678, -0.313228, 0.000000, 0.000000, 0.313228, 0.949678, 0.000000, 0.000000, 0.000000, 0.000000, 1.000000, 0.000000, 1.804572, 0.000000, 0.000000, 1.000000;;,
   9; 16; 0.946437, -0.322888, 0.000000, 0.000000, 0.322888, 0.946437, 0.000000, 0.000000, 0.000000, 0.000000, 1.000000, 0.000000, 1.804572, 0.000000, 0.000000, 1.000000;;,
   10; 16; 0.943240, -0.332112, 0.000000, 0.000000, 0.332112, 0.943240, 0.000000, 0.000000, 0.000000, 0.000000, 1.000000, 0.000000, 1.804572, 0.000000, 0.000000, 1.000000;;,
   11; 16; 0.940169, -0.340707, 0.000000, 0.000000, 0.340707, 0.940169, 0.000000, 0.000000, 0.000000, 0.000000, 1.000000, 0.000000, 1.804572, 0.000000, 0.000000, 1.000000;;,
   12; 16; 0.937268, -0.348610, 0.000000, 0.000000, 0.348610, 0.937268, 0.000000, 0.000000, 0.000000, 0.000000, 1.000000, 0.000000, 1.804572, 0.000000, 0.000000, 1.000000;;,
   13; 16; 0.934577, -0.355762, 0.000000, 0.000000, 0.355762, 0.934577, 0.000000, 0.000000, 0.000000, 0.000000, 1.000000, 0.000000, 1.804572, 0.000000, 0.000000, 1.000000;;,
   14; 16; 0.932164, -0.362035, 0.000000, 0.000000, 0.362035, 0.932164, 0.000000, 0.000000, 0.000000, 0.000000, 1.000000, 0.000000, 1.804572, 0.000000, 0.000000, 1.000000;;,
   15; 16; 0.930074, -0.367371, 0.000000, 0.000000, 0.367371, 0.930074, 0.000000, 0.000000, 0.000000, 0.000000, 1.000000, 0.000000, 1.804572, 0.000000, 0.000000, 1.000000;;,
   16; 16; 0.928375, -0.371645, 0.000000, 0.000000, 0.371645, 0.928375, 0.000000, 0.000000, 0.000000, 0.000000, 1.000000, 0.000000, 1.804572, 0.000000, 0.000000, 1.000000;;,
   17; 16; 0.927134, -0.374729, 0.000000, 0.000000, 0.374729, 0.927134, 0.000000, 0.000000, 0.000000, 0.000000, 1.000000, 0.000000, 1.804572, 0.000000, 0.000000, 1.000000;;,
   18; 16; 0.926443, -0.376435, 0.000000, 0.000000, 0.376435, 0.926443, 0.000000, 0.000000, 0.000000, 0.000000, 1.000000, 0.000000, 1.804572, 0.000000, 0.000000, 1.000000;;,
   19; 16; 0.926310, -0.376762, 0.000000, 0.000000, 0.376762, 0.926310, 0.000000, 0.000000, 0.000000, 0.000000, 1.000000, 0.000000, 1.804572, 0.000000, 0.000000, 1.000000;;,
   20; 16; 0.926842, -0.375451, 0.000000, 0.000000, 0.375451, 0.926842, 0.000000, 0.000000, 0.000000, 0.000000, 1.000000, 0.000000, 1.804572, 0.000000, 0.000000, 1.000000;;,
   21; 16; 0.927425, -0.374008, 0.000000, 0.000000, 0.374008, 0.927425, 0.000000, 0.000000, 0.000000, 0.000000, 1.000000, 0.000000, 1.804572, 0.000000, 0.000000, 1.000000;;,
   22; 16; 0.928585, -0.371119, 0.000000, 0.000000, 0.371119, 0.928585, 0.000000, 0.000000, 0.000000, 0.000000, 1.000000, 0.000000, 1.804572, 0.000000, 0.000000, 1.000000;;,
   23; 16; 0.930152, -0.367174, 0.000000, 0.000000, 0.367174, 0.930152, 0.000000, 0.000000, 0.000000, 0.000000, 1.000000, 0.000000, 1.804572, 0.000000, 0.000000, 1.000000;;,
   24; 16; 0.932139, -0.362101, 0.000000, 0.000000, 0.362101, 0.932139, 0.000000, 0.000000, 0.000000, 0.000000, 1.000000, 0.000000, 1.804572, 0.000000, 0.000000, 1.000000;;,
   25; 16; 0.934451, -0.356093, 0.000000, 0.000000, 0.356093, 0.934451, 0.000000, 0.000000, 0.000000, 0.000000, 1.000000, 0.000000, 1.804572, 0.000000, 0.000000, 1.000000;;,
   26; 16; 0.937070, -0.349141, 0.000000, 0.000000, 0.349141, 0.937070, 0.000000, 0.000000, 0.000000, 0.000000, 1.000000, 0.000000, 1.804572, 0.000000, 0.000000, 1.000000;;,
   27; 16; 0.939952, -0.341306, 0.000000, 0.000000, 0.341306, 0.939952, 0.000000, 0.000000, 0.000000, 0.000000, 1.000000, 0.000000, 1.804572, 0.000000, 0.000000, 1.000000;;,
   28; 16; 0.943005, -0.332780, 0.000000, 0.000000, 0.332780, 0.943005, 0.000000, 0.000000, 0.000000, 0.000000, 1.000000, 0.000000, 1.804572, 0.000000, 0.000000, 1.000000;;,
   29; 16; 0.946163, -0.323691, 0.000000, 0.000000, 0.323691, 0.946163, 0.000000, 0.000000, 0.000000, 0.000000, 1.000000, 0.000000, 1.804572, 0.000000, 0.000000, 1.000000;;,
   30; 16; 0.949345, -0.314236, 0.000000, 0.000000, 0.314236, 0.949345, 0.000000, 0.000000, 0.000000, 0.000000, 1.000000, 0.000000, 1.804572, 0.000000, 0.000000, 1.000000;;,
   31; 16; 0.952605, -0.304211, 0.000000, 0.000000, 0.304211, 0.952605, 0.000000, 0.000000, 0.000000, 0.000000, 1.000000, 0.000000, 1.804572, 0.000000, 0.000000, 1.000000;;,
   32; 16; 0.955821, -0.293949, 0.000000, 0.000000, 0.293949, 0.955821, 0.000000, 0.000000, 0.000000, 0.000000, 1.000000, 0.000000, 1.804572, 0.000000, 0.000000, 1.000000;;,
   33; 16; 0.958947, -0.283585, 0.000000, 0.000000, 0.283585, 0.958947, 0.000000, 0.000000, 0.000000, 0.000000, 1.000000, 0.000000, 1.804572, 0.000000, 0.000000, 1.000000;;,
   34; 16; 0.961902, -0.273393, 0.000000, 0.000000, 0.273393, 0.961902, 0.000000, 0.000000, 0.000000, 0.000000, 1.000000, 0.000000, 1.804572, 0.000000, 0.000000, 1.000000;;,
   35; 16; 0.964675, -0.263442, 0.000000, 0.000000, 0.263442, 0.964675, 0.000000, 0.000000, 0.000000, 0.000000, 1.000000, 0.000000, 1.804572, 0.000000, 0.000000, 1.000000;;,
   36; 16; 0.967165, -0.254148, 0.000000, 0.000000, 0.254148, 0.967165, 0.000000, 0.000000, 0.000000, 0.000000, 1.000000, 0.000000, 1.804572, 0.000000, 0.000000, 1.000000;;,
   37; 16; 0.969358, -0.245654, 0.000000, 0.000000, 0.245654, 0.969358, 0.000000, 0.000000, 0.000000, 0.000000, 1.000000, 0.000000, 1.804572, 0.000000, 0.000000, 1.000000;;,
   38; 16; 0.971156, -0.238446, 0.000000, 0.000000, 0.238446, 0.971156, 0.000000, 0.000000, 0.000000, 0.000000, 1.000000, 0.000000, 1.804572, 0.000000, 0.000000, 1.000000;;,
   39; 16; 0.972539, -0.232739, 0.000000, 0.000000, 0.232739, 0.972539, 0.000000, 0.000000, 0.000000, 0.000000, 1.000000, 0.000000, 1.804572, 0.000000, 0.000000, 1.000000;;;
  }
  AnimationOptions {
   0;
   0;
  }
  { Bip01_L_Leg1 }
 }

 Animation Bip01_L_FootAnimation {

  AnimationKey {
   4;
   41;

   -1; 16; 0.999476, 0.023168, -0.022609, 0.000000, -0.020911, 0.995216, 0.095431, 0.000000, 0.024712, -0.094908, 0.995179, 0.000000, 1.759760, -0.000000, -0.000000, 1.000000;;,
   0; 16; 0.999412, 0.025858, -0.022532, 0.000000, -0.023596, 0.995156, 0.095431, 0.000000, 0.024891, -0.094843, 0.995181, 0.000000, 1.759760, -0.000000, -0.000000, 1.000000;;,
   1; 16; 0.999331, 0.028982, -0.022325, 0.000000, -0.026726, 0.995077, 0.095432, 0.000000, 0.024981, -0.094771, 0.995186, 0.000000, 1.759760, -0.000000, -0.000000, 1.000000;;,
   2; 16; 0.999221, 0.032755, -0.022015, 0.000000, -0.030513, 0.994968, 0.095432, 0.000000, 0.025030, -0.094686, 0.995192, 0.000000, 1.759760, -0.000000, -0.000000, 1.000000;;,
