xof 0303txt 0032
template XSkinMeshHeader {
 <3cf169ce-ff7c-44ab-93c0-f78f62d172e2>
 WORD nMaxSkinWeightsPerVertex;
 WORD nMaxSkinWeightsPerFace;
 WORD nBones;
}

template VertexDuplicationIndices {
<b8d65549-d7c9-4995-89cf-53a9a8b031e3>
 DWORD nIndices;
 DWORD nOriginalVertices;
 array DWORD indices[nIndices];
}

template SkinWeights {
 <6f0d123b-bad2-4167-a0d0-80224f25fabb>
 STRING transformNodeName;
 DWORD nWeights;
 array DWORD vertexIndices[nWeights];
 array FLOAT weights[nWeights];
 Matrix4x4 matrixOffset;
}


Frame Scene_Root {


 FrameTransformMatrix {
  1.000000, 0.000000, 0.000000, 0.000000,
  0.000000, 1.000000, 0.000000, 0.000000,
  0.000000, 0.000000, 1.000000, 0.000000,
  0.000000, 0.000000, 0.000000, 1.000000;;
 }


 Frame Bip01 {

  FrameTransformMatrix {
   0.000001, 0.000000, -1.000000, 0.000000,
   1.000000, -0.000000, 0.000001, 0.000000,
   -0.000000, -1.000000, -0.000000, 0.000000,
   0.023385, 3.888288, 0.036815, 1.000000;;
  }

  Frame Bip01_Pelvis {

   FrameTransformMatrix {
    0.000345, 0.000000, -1.000000, 0.000000,
    1.000000, 0.000001, 0.000345, 0.000000,
    0.000001, -1.000000, 0.000000, 0.000000,
    0.068053, -0.001910, 0.000000, 1.000000;;
   }

   Frame Bip01_L_Leg {

    FrameTransformMatrix {
     -0.977422, 0.208386, -0.034954, 0.000000,
     0.210085, 0.976121, -0.055247, 0.000000,
     0.022607, -0.061343, -0.997861, 0.000000,
     -0.000000, 0.000001, -0.371325, 1.000000;;
    }

    Frame Bip01_L_Leg1 {

     FrameTransformMatrix {
      0.972539, -0.232739, 0.000000, 0.000000,
      0.232739, 0.972539, 0.000000, 0.000000,
      0.000000, 0.000000, 1.000000, 0.000000,
      1.804572, 0.000000, 0.000000, 1.000000;;
     }

     Frame Bip01_L_Foot {

      FrameTransformMatrix {
       0.999476, 0.023168, -0.022609, 0.000000,
       -0.020911, 0.995216, 0.095431, 0.000000,
       0.024712, -0.094908, 0.995179, 0.000000,
       1.759760, 0.000000, 0.000000, 1.000000;;
      }

      Frame Bip01_L_Toe0 {

       FrameTransformMatrix {
        0.000000, 1.000000, 0.000000, 0.000000,
        -1.000000, 0.000000, 0.000000, 0.000000,
        0.000000, 0.000000, 1.000000, 0.000000,
        0.379309, 0.640722, 0.000000, 1.000000;;
       }

       Frame Bip01_L_Toe01 {

        FrameTransformMatrix {
         1.000000, 0.000000, 0.000000, 0.000000,
         0.000000, 1.000000, 0.000000, 0.000000,
         0.000000, 0.000000, 1.000000, 0.000000,
         0.093574, 0.000000, 0.000000, 1.000000;;
        }

        Frame Bip01_L_Toe02 {

         FrameTransformMatrix {
          1.000000, 0.000000, 0.000000, 0.000000,
          0.000000, 1.000000, 0.000000, 0.000000,
          0.000000, 0.000000, 1.000000, 0.000000,
          0.093574, 0.000000, 0.000000, 1.000000;;
         }
        }

       }

       }

      }

     }

    }


    Frame Bip01_R_Leg {

     FrameTransformMatrix {
      -0.995490, -0.080381, 0.050384, 0.000000,
      -0.065010, 0.964816, 0.254762, 0.000000,
      -0.069090, 0.250338, -0.965690, 0.000000,
      0.000000, -0.000000, 0.371325, 1.000000;;
     }

     Frame Bip01_R_Leg1 {

      FrameTransformMatrix {
       0.991876, -0.127212, 0.000000, 0.000000,
       0.127212, 0.991876, 0.000000, 0.000000,
       0.000000, 0.000000, 1.000000, 0.000000,
       1.804572, 0.000000, 0.000000, 1.000000;;
      }

      Frame Bip01_R_Foot {

       FrameTransformMatrix {
        0.979132, 0.191122, 0.069089, 0.000000,
        -0.192778, 0.981075, 0.018103, 0.000000,
        -0.064322, -0.031044, 0.997446, 0.000000,
        1.759760, 0.000000, 0.000000, 1.000000;;
       }

       Frame Bip01_R_Toe0 {

        FrameTransformMatrix {
         0.000000, 1.000000, 0.000000, 0.000000,
         -1.000000, 0.000000, 0.000000, 0.000000,
         0.000000, 0.000000, 1.000000, 0.000000,
         0.379309, 0.640722, 0.000000, 1.000000;;
        }

        Frame Bip01_R_Toe01 {

         FrameTransformMatrix {
          1.000000, 0.000000, 0.000000, 0.000000,
          0.000000, 1.000000, 0.000000, 0.000000,
          0.000000, 0.000000, 1.000000, 0.000000,
          0.093574, 0.000000, 0.000000, 1.000000;;
         }

         Frame Bip01_R_Toe02 {

          FrameTransformMatrix {
           1.000000, 0.000000, 0.000000, 0.000000,
           0.000000, 1.000000, 0.000000, 0.000000,
           0.000000, 0.000000, 1.000000, 0.000000,
           0.093574, 0.000000, 0.000000, 1.000000;;
          }
         }

        }

        }

       }

      }

     }


     Frame Bip01_Spine {

      FrameTransformMatrix {
       0.999955, 0.009495, 0.000662, 0.000000,
       -0.009518, 0.997521, 0.069722, 0.000000,
       0.000002, -0.069726, 0.997566, 0.000000,
       0.129323, 0.068446, -0.000029, 1.000000;;
      }

      Frame Bip01_Spine1 {

       FrameTransformMatrix {
        0.997567, -0.069721, 0.000000, 0.000000,
        0.069721, 0.997567, 0.000000, 0.000000,
        0.000000, 0.000000, 1.000000, 0.000000,
        0.530969, -0.000383, 0.000000, 1.000000;;
       }

       Frame Bip01_Spine2 {

        FrameTransformMatrix {
         1.000000, -0.000002, 0.000062, 0.000000,
         -0.000003, 0.996920, 0.078419, 0.000000,
         -0.000062, -0.078419, 0.996920, 0.000000,
         0.482723, -0.000460, -0.000036, 1.000000;;
        }

        Frame Bip01_Spine3 {

         FrameTransformMatrix {
          0.999848, 0.017443, 0.000000, 0.000000,
          -0.017443, 0.999848, 0.000000, 0.000000,
          0.000000, 0.000000, 1.000000, 0.000000,
          0.579276, -0.000530, 0.000000, 1.000000;;
         }

         Frame Bip01_Neck {

          FrameTransformMatrix {
           0.891115, 0.453778, -0.000001, 0.000000,
           -0.453778, 0.891115, 0.000000, 0.000000,
           0.000001, 0.000000, 1.000000, 0.000000,
           0.666232, -0.000145, 0.000000, 1.000000;;
          }

          Frame Bip01_Head {

           FrameTransformMatrix {
            0.987441, -0.151369, -0.045261, 0.000000,
            0.142555, 0.977128, -0.157791, 0.000000,
            0.068110, 0.149357, 0.986435, 0.000000,
            0.204698, 0.000000, 0.000000, 1.000000;;
           }
          }


          Frame Bip01_L_Arm {

           FrameTransformMatrix {
            -0.176965, 0.090290, -0.980067, 0.000000,
            -0.454487, -0.890753, 0.000003, 0.000000,
            -0.872998, 0.445428, 0.198668, 0.000000,
            -0.311202, 0.151725, -0.434191, 1.000000;;
           }

           Frame Bip01_L_Arm1 {

            FrameTransformMatrix {
             0.289578, 0.274541, 0.916936, 0.000000,
             -0.299208, 0.935936, -0.185736, 0.000000,
             -0.909186, -0.220570, 0.353172, 0.000000,
             0.482723, 0.000000, -0.000000, 1.000000;;
            }

            Frame Bip01_L_Arm2 {

             FrameTransformMatrix {
              0.959034, -0.283290, 0.000000, 0.000000,
              0.283290, 0.959034, 0.000000, 0.000000,
              0.000000, 0.000000, 1.000000, 0.000000,
              1.113977, -0.000000, 0.000000, 1.000000;;
             }

             Frame Bip01_L_Hand {

              FrameTransformMatrix {
               0.997567, -0.069721, 0.000000, 0.000000,
               0.000056, 0.000794, 1.000000, 0.000000,
               -0.069721, -0.997566, 0.000796, 0.000000,
               1.031460, 0.000000, -0.000000, 1.000000;;
              }
             }

            }

            }

           }


           Frame Bip01_R_Arm {

            FrameTransformMatrix {
             -0.176965, 0.090296, 0.980066, 0.000000,
             -0.454488, -0.890753, 0.000003, 0.000000,
             0.872997, -0.445427, 0.198671, 0.000000,
             -0.286990, 0.139966, 0.414040, 1.000000;;
            }

            Frame Bip01_R_Arm1 {

             FrameTransformMatrix {
              0.264071, -0.017090, -0.964352, 0.000000,
              -0.199983, 0.977145, -0.072078, 0.000000,
              0.943543, 0.211888, 0.254618, 0.000000,
              0.497205, 0.000000, 0.000000, 1.000000;;
             }

             Frame Bip01_R_Arm2 {

              FrameTransformMatrix {
               0.930711, -0.365756, 0.000000, 0.000000,
               0.365756, 0.930711, 0.000000, 0.000000,
               0.000000, 0.000000, 1.000000, 0.000000,
               1.113976, 0.000000, 0.000000, 1.000000;;
              }

              Frame Bip01_R_Hand {

               FrameTransformMatrix {
                0.997567, -0.069721, 0.000000, 0.000000,
                0.000056, 0.000794, -1.000000, 0.000000,
                0.069721, 0.997566, 0.000796, 0.000000,
                1.031460, 0.000000, -0.000000, 1.000000;;
               }
              }

             }

             }

            }

           }

         }

        }

       }

      }

     }

  Frame drake_BMP {

   FrameTransformMatrix {
    1.000000, 0.000000, 0.000000, 0.000000,
    0.000000, 1.000000, 0.000000, 0.000000,
    0.000000, 0.000000, 1.000000, 0.000000,
    0.000000, 0.000000, 0.000000, 1.000000;;
   }

 }
 }
}

AnimationSet AnimationSet0 {

 Animation {

  AnimationKey {
   4;
   2;
   0; 16; 1.000000, 0.000000, 0.000000, 0.000000, 0.000000, 1.000000, 0.000000, 0.000000, 0.000000, 0.000000, 1.000000, 0.000000, 0.000000, 0.000000, 0.000000, 1.000000;;,
   21; 16; 1.000000, 0.000000, 0.000000, 0.000000, 0.000000, 1.000000, 0.000000, 0.000000, 0.000000, 0.000000, 1.000000, 0.000000, 0.000000, 0.000000, 0.000000, 1.000000;;;
  }
  { Scene_Root }
 }

 Animation Bip01Animation {

  AnimationKey {
   4;
   23;

   -1; 16; -0.000078, 0.000000, -1.000000, 0.000000, 1.000000, -0.000000, -0.000078, 0.000000, -0.000000, -1.000000, -0.000000, 0.000000, 0.023385, 3.888288, 0.036815, 1.000000;;,
   0; 16; -0.000078, 0.000000, -1.000000, 0.000000, 1.000000, -0.000000, -0.000078, 0.000000, -0.000000, -1.000000, -0.000000, 0.000000, 0.023385, 3.888288, 0.036815, 1.000000;;,
   1; 16; -0.000078, 0.000000, -1.000000, 0.000000, 1.000000, -0.000000, -0.000078, 0.000000, -0.000000, -1.000000, -0.000000, 0.000000, 0.023385, 3.888288, 0.036815, 1.000000;;,
   2; 16; -0.000078, 0.000000, -1.000000, 0.000000, 1.000000, -0.000000, -0.000078, 0.000000, -0.000000, -1.000000, -0.000000, 0.000000, 0.023385, 3.888288, 0.036815, 1.000000;;,
   3; 16; -0.000078, 0.000000, -1.000000, 0.000000, 1.000000, -0.000000, -0.000078, 0.000000, -0.000000, -1.000000, -0.000000, 0.000000, 0.023385, 3.888288, 0.036815, 1.000000;;,
   4; 16; -0.000078, 0.000000, -1.000000, 0.000000, 1.000000, -0.000000, -0.000078, 0.000000, -0.000000, -1.000000, -0.000000, 0.000000, 0.023385, 3.888288, 0.036815, 1.000000;;,
   5; 16; -0.000078, 0.000000, -1.000000, 0.000000, 1.000000, -0.000000, -0.000078, 0.000000, -0.000000, -1.000000, -0.000000, 0.000000, 0.023385, 3.888288, 0.036815, 1.000000;;,
   6; 16; -0.000078, 0.000000, -1.000000, 0.000000, 1.000000, -0.000000, -0.000078, 0.000000, -0.000000, -1.000000, -0.000000, 0.000000, 0.023385, 3.888288, 0.036815, 1.000000;;,
   7; 16; -0.000078, 0.000000, -1.000000, 0.000000, 1.000000, -0.000000, -0.000078, 0.000000, -0.000000, -1.000000, -0.000000, 0.000000, 0.023385, 3.888288, 0.036815, 1.000000;;,
   8; 16; -0.000078, 0.000000, -1.000000, 0.000000, 1.000000, -0.000000, -0.000078, 0.000000, -0.000000, -1.000000, -0.000000, 0.000000, 0.023385, 3.888288, 0.036815, 1.000000;;,
   9; 16; -0.000078, 0.000000, -1.000000, 0.000000, 1.000000, -0.000000, -0.000078, 0.000000, -0.000000, -1.000000, -0.000000, 0.000000, 0.023385, 3.888288, 0.036815, 1.000000;;,
   10; 16; -0.000078, 0.000000, -1.000000, 0.000000, 1.000000, -0.000000, -0.000078, 0.000000, -0.000000, -1.000000, -0.000000, 0.000000, 0.023385, 3.888288, 0.036815, 1.000000;;,
   11; 16; -0.000078, 0.000000, -1.000000, 0.000000, 1.000000, -0.000000, -0.000078, 0.000000, -0.000000, -1.000000, -0.000000, 0.000000, 0.023385, 3.888288, 0.036815, 1.000000;;,
   12; 16; -0.000078, 0.000000, -1.000000, 0.000000, 1.000000, -0.000000, -0.000078, 0.000000, -0.000000, -1.000000, -0.000000, 0.000000, 0.023385, 3.888288, 0.036815, 1.000000;;,
   13; 16; -0.000078, 0.000000, -1.000000, 0.000000, 1.000000, -0.000000, -0.000078, 0.000000, -0.000000, -1.000000, -0.000000, 0.000000, 0.023385, 3.888288, 0.036815, 1.000000;;,
   14; 16; -0.000078, 0.000000, -1.000000, 0.000000, 1.000000, -0.000000, -0.000078, 0.000000, -0.000000, -1.000000, -0.000000, 0.000000, 0.023385, 3.888288, 0.036815, 1.000000;;,
   15; 16; -0.000078, 0.000000, -1.000000, 0.000000, 1.000000, -0.000000, -0.000078, 0.000000, -0.000000, -1.000000, -0.000000, 0.000000, 0.023385, 3.888288, 0.036815, 1.000000;;,
   16; 16; -0.000078, 0.000000, -1.000000, 0.000000, 1.000000, -0.000000, -0.000078, 0.000000, -0.000000, -1.000000, -0.000000, 0.000000, 0.023385, 3.888288, 0.036815, 1.000000;;,
   17; 16; -0.000078, 0.000000, -1.000000, 0.000000, 1.000000, -0.000000, -0.000078, 0.000000, -0.000000, -1.000000, -0.000000, 0.000000, 0.023385, 3.888288, 0.036815, 1.000000;;,
   18; 16; -0.000078, 0.000000, -1.000000, 0.000000, 1.000000, -0.000000, -0.000078, 0.000000, -0.000000, -1.000000, -0.000000, 0.000000, 0.023385, 3.888288, 0.036815, 1.000000;;,
   19; 16; -0.000078, 0.000000, -1.000000, 0.000000, 1.000000, -0.000000, -0.000078, 0.000000, -0.000000, -1.000000, -0.000000, 0.000000, 0.023385, 3.888288, 0.036815, 1.000000;;,
   20; 16; -0.000078, 0.000000, -1.000000, 0.000000, 1.000000, -0.000000, -0.000078, 0.000000, -0.000000, -1.000000, -0.000000, 0.000000, 0.023385, 3.888288, 0.036815, 1.000000;;,
   21; 16; -0.000078, 0.000000, -1.000000, 0.000000, 1.000000, -0.000000, -0.000078, 0.000000, -0.000000, -1.000000, -0.000000, 0.000000, 0.023385, 3.888288, 0.036815, 1.000000;;;
  }
  AnimationOptions {
   0;
   0;
  }
  { Bip01 }
 }

 Animation Bip01_PelvisAnimation {

  AnimationKey {
   4;
   23;

   -1; 16; 0.000009, -0.000000, -1.000000, 0.000000, 1.000000, 0.000001, 0.000009, 0.000000, 0.000001, -1.000000, 0.000000, 0.000000, 0.000082, -0.000348, -0.000000, 1.000000;;,
   0; 16; 0.000009, -0.000000, -1.000000, 0.000000, 1.000000, 0.000001, 0.000009, 0.000000, 0.000001, -1.000000, 0.000000, 0.000000, 0.000082, -0.000348, -0.000000, 1.000000;;,
   1; 16; 0.000009, -0.000000, -1.000000, 0.000000, 1.000000, 0.000001, 0.000009, 0.000000, 0.000001, -1.000000, 0.000000, 0.000000, 0.000082, -0.000348, -0.000000, 1.000000;;,
   2; 16; 0.000009, -0.000000, -1.000000, 0.000000, 1.000000, 0.000001, 0.000009, 0.000000, 0.000001, -1.000000, 0.000000, 0.000000, 0.000082, -0.000348, -0.000000, 1.000000;;,
   3; 16; 0.000009, -0.000000, -1.000000, 0.000000, 1.000000, 0.000001, 0.000009, 0.000000, 0.000001, -1.000000, 0.000000, 0.000000, 0.000082, -0.000348, -0.000000, 1.000000;;,
   4; 16; 0.000009, -0.000000, -1.000000, 0.000000, 1.000000, 0.000001, 0.000009, 0.000000, 0.000001, -1.000000, 0.000000, 0.000000, 0.000082, -0.000348, -0.000000, 1.000000;;,
   5; 16; 0.000009, -0.000000, -1.000000, 0.000000, 1.000000, 0.000001, 0.000009, 0.000000, 0.000001, -1.000000, 0.000000, 0.000000, 0.000082, -0.000348, -0.000000, 1.000000;;,
   6; 16; 0.000009, -0.000000, -1.000000, 0.000000, 1.000000, 0.000001, 0.000009, 0.000000, 0.000001, -1.000000, 0.000000, 0.000000, 0.000082, -0.000348, -0.000000, 1.000000;;,
   7; 16; 0.000009, -0.000000, -1.000000, 0.000000, 1.000000, 0.000001, 0.000009, 0.000000, 0.000001, -1.000000, 0.000000, 0.000000, 0.000082, -0.000348, -0.000000, 1.000000;;,
   8; 16; 0.000009, -0.000000, -1.000000, 0.000000, 1.000000, 0.000001, 0.000009, 0.000000, 0.000001, -1.000000, 0.000000, 0.000000, 0.000082, -0.000348, -0.000000, 1.000000;;,
   9; 16; 0.000009, -0.000000, -1.000000, 0.000000, 1.000000, 0.000001, 0.000009, 0.000000, 0.000001, -1.000000, 0.000000, 0.000000, 0.000082, -0.000348, -0.000000, 1.000000;;,
   10; 16; 0.000009, -0.000000, -1.000000, 0.000000, 1.000000, 0.000001, 0.000009, 0.000000, 0.000001, -1.000000, 0.000000, 0.000000, 0.000082, -0.000348, -0.000000, 1.000000;;,
   11; 16; 0.000009, -0.000000, -1.000000, 0.000000, 1.000000, 0.000001, 0.000009, 0.000000, 0.000001, -1.000000, 0.000000, 0.000000, 0.000082, -0.000348, -0.000000, 1.000000;;,
   12; 16; 0.000009, -0.000000, -1.000000, 0.000000, 1.000000, 0.000001, 0.000009, 0.000000, 0.000001, -1.000000, 0.000000, 0.000000, 0.000082, -0.000348, -0.000000, 1.000000;;,
   13; 16; 0.000009, -0.000000, -1.000000, 0.000000, 1.000000, 0.000001, 0.000009, 0.000000, 0.000001, -1.000000, 0.000000, 0.000000, 0.000082, -0.000348, -0.000000, 1.000000;;,
   14; 16; 0.000009, -0.000000, -1.000000, 0.000000, 1.000000, 0.000001, 0.000009, 0.000000, 0.000001, -1.000000, 0.000000, 0.000000, 0.000082, -0.000348, -0.000000, 1.000000;;,
   15; 16; 0.000009, -0.000000, -1.000000, 0.000000, 1.000000, 0.000001, 0.000009, 0.000000, 0.000001, -1.000000, 0.000000, 0.000000, 0.000082, -0.000348, -0.000000, 1.000000;;,
   16; 16; 0.000009, -0.000000, -1.000000, 0.000000, 1.000000, 0.000001, 0.000009, 0.000000, 0.000001, -1.000000, 0.000000, 0.000000, 0.000082, -0.000348, -0.000000, 1.000000;;,
   17; 16; 0.000009, -0.000000, -1.000000, 0.000000, 1.000000, 0.000001, 0.000009, 0.000000, 0.000001, -1.000000, 0.000000, 0.000000, 0.000082, -0.000348, -0.000000, 1.000000;;,
   18; 16; 0.000009, -0.000000, -1.000000, 0.000000, 1.000000, 0.000001, 0.000009, 0.000000, 0.000001, -1.000000, 0.000000, 0.000000, 0.000082, -0.000348, -0.000000, 1.000000;;,
   19; 16; 0.000009, -0.000000, -1.000000, 0.000000, 1.000000, 0.000001, 0.000009, 0.000000, 0.000001, -1.000000, 0.000000, 0.000000, 0.000082, -0.000348, -0.000000, 1.000000;;,
   20; 16; 0.000009, -0.000000, -1.000000, 0.000000, 1.000000, 0.000001, 0.000009, 0.000000, 0.000001, -1.000000, 0.000000, 0.000000, 0.000082, -0.000348, -0.000000, 1.000000;;,
   21; 16; 0.000009, -0.000000, -1.000000, 0.000000, 1.000000, 0.000001, 0.000009, 0.000000, 0.000001, -1.000000, 0.000000, 0.000000, 0.000082, -0.000348, -0.000000, 1.000000;;;
  }
  AnimationOptions {
   0;
   0;
  }
  { Bip01_Pelvis }
 }

 Animation Bip01_L_LegAnimation {

  AnimationKey {
   4;
   23;

   -1; 16; -0.736590, 0.676003, 0.021331, 0.000000, 0.675821, 0.736894, -0.015917, 0.000000, -0.026478, 0.002692, -0.999646, 0.000000, -0.000000, 0.000001, -0.371325, 1.000000;;,
   0; 16; -0.798605, 0.601418, 0.022955, 0.000000, 0.601266, 0.798930, -0.013808, 0.000000, -0.026644, 0.002775, -0.999641, 0.000000, -0.000000, 0.000001, -0.371325, 1.000000;;,
   1; 16; -0.850499, 0.525445, 0.023624, 0.000000, 0.525326, 0.850823, -0.011509, 0.000000, -0.026147, 0.002622, -0.999655, 0.000000, -0.000000, 0.000001, -0.371325, 1.000000;;,
   2; 16; -0.899363, 0.436543, 0.024006, 0.000000, 0.436459, 0.899680, -0.008922, 0.000000, -0.025493, 0.002453, -0.999672, 0.000000, -0.000000, 0.000001, -0.371325, 1.000000;;,
   3; 16; -0.940579, 0.338591, 0.025822, 0.000000, 0.338538, 0.940930, -0.006527, 0.000000, -0.026507, 0.002603, -0.999645, 0.000000, -0.000000, 0.000001, -0.371325, 1.000000;;,
   4; 16; -0.999628, -0.000752, 0.027255, 0.000000, -0.000692, 0.999997, 0.002191, 0.000000, -0.027256, 0.002172, -0.999626, 0.000000, -0.000000, 0.000001, -0.371325, 1.000000;;,
   5; 16; -0.980758, -0.193637, 0.024867, 0.000000, -0.193507, 0.981070, 0.007557, 0.000000, -0.025859, 0.002599, -0.999662, 0.000000, -0.000000, 0.000001, -0.371325, 1.000000;;,
   6; 16; -0.985411, -0.168089, 0.026682, 0.000000, -0.167975, 0.985770, 0.006503, 0.000000, -0.027395, 0.001926, -0.999623, 0.000000, -0.000000, 0.000001, -0.371325, 1.000000;;,
   7; 16; -0.979460, -0.199915, 0.026300, 0.000000, -0.199789, 0.979811, 0.007364, 0.000000, -0.027242, 0.001959, -0.999627, 0.000000, -0.000000, 0.000001, -0.371325, 1.000000;;,
   8; 16; -0.913056, -0.407182, 0.023051, 0.000000, -0.406982, 0.913344, 0.013017, 0.000000, -0.026354, 0.002504, -0.999650, 0.000000, -0.000000, 0.000001, -0.371325, 1.000000;;,
   9; 16; -0.913257, -0.406736, 0.022955, 0.000000, -0.406536, 0.913542, 0.013017, 0.000000, -0.026265, 0.002556, -0.999652, 0.000000, -0.000000, 0.000001, -0.371325, 1.000000;;,
   10; 16; -0.932920, -0.359315, 0.023529, 0.000000, -0.359131, 0.933213, 0.011772, 0.000000, -0.026187, 0.002532, -0.999654, 0.000000, -0.000000, 0.000001, -0.371325, 1.000000;;,
   11; 16; -0.961624, -0.273276, 0.024485, 0.000000, -0.273117, 0.961932, 0.009664, 0.000000, -0.026194, 0.002606, -0.999654, 0.000000, -0.000000, 0.000001, -0.371325, 1.000000;;,
   12; 16; -0.990810, -0.132809, 0.025631, 0.000000, -0.132698, 0.991138, 0.006023, 0.000000, -0.026203, 0.002567, -0.999653, 0.000000, -0.000000, 0.000001, -0.371325, 1.000000;;,
   13; 16; -0.996338, 0.081355, 0.026300, 0.000000, 0.081395, 0.996682, 0.000467, 0.000000, -0.026175, 0.002606, -0.999654, 0.000000, -0.000000, 0.000001, -0.371325, 1.000000;;,
   14; 16; -0.941940, 0.334808, 0.025536, 0.000000, 0.334758, 0.942283, -0.006335, 0.000000, -0.026183, 0.002581, -0.999654, 0.000000, -0.000000, 0.000001, -0.371325, 1.000000;;,
   15; 16; -0.834274, 0.550860, 0.023242, 0.000000, 0.550729, 0.834593, -0.012275, 0.000000, -0.026160, 0.002559, -0.999655, 0.000000, -0.000000, 0.000001, -0.371325, 1.000000;;,
   16; 16; -0.707066, 0.706857, 0.020280, 0.000000, 0.706664, 0.707352, -0.016684, 0.000000, -0.026138, 0.002535, -0.999655, 0.000000, -0.000000, 0.000001, -0.371325, 1.000000;;,
   17; 16; -0.631054, 0.775519, 0.018464, 0.000000, 0.775300, 0.631319, -0.018600, 0.000000, -0.026081, 0.002578, -0.999656, 0.000000, -0.000000, 0.000001, -0.371325, 1.000000;;,
   18; 16; -0.591956, 0.805780, 0.017508, 0.000000, 0.805547, 0.592209, -0.019559, 0.000000, -0.026129, 0.002526, -0.999655, 0.000000, -0.000000, 0.000001, -0.371325, 1.000000;;,
   19; 16; -0.617221, 0.786582, 0.018082, 0.000000, 0.786357, 0.617481, -0.018984, 0.000000, -0.026098, 0.002502, -0.999656, 0.000000, -0.000000, 0.000001, -0.371325, 1.000000;;,
   20; 16; -0.674205, 0.738289, 0.019420, 0.000000, 0.738085, 0.674479, -0.017546, 0.000000, -0.026052, 0.002504, -0.999658, 0.000000, -0.000000, 0.000001, -0.371325, 1.000000;;,
   21; 16; -0.736590, 0.676003, 0.021331, 0.000000, 0.675821, 0.736894, -0.015917, 0.000000, -0.026478, 0.002692, -0.999646, 0.000000, -0.000000, 0.000001, -0.371325, 1.000000;;;
  }
  AnimationOptions {
   0;
   0;
  }
  { Bip01_L_Leg }
 }

 Animation Bip01_L_Leg1Animation {

  AnimationKey {
   4;
   23;

   -1; 16; 0.670498, -0.741911, 0.000000, 0.000000, 0.741911, 0.670498, 0.000000, 0.000000, 0.000000, 0.000000, 1.000000, 0.000000, 1.804572, 0.000000, 0.000000, 1.000000;;,
   0; 16; 0.804828, -0.593508, 0.000000, 0.000000, 0.593508, 0.804828, 0.000000, 0.000000, 0.000000, 0.000000, 1.000000, 0.000000, 1.804572, 0.000000, 0.000000, 1.000000;;,
   1; 16; 0.876259, -0.481840, 0.000000, 0.000000, 0.481840, 0.876259, 0.000000, 0.000000, 0.000000, 0.000000, 1.000000, 0.000000, 1.804572, 0.000000, 0.000000, 1.000000;;,
   2; 16; 0.907654, -0.419718, 0.000000, 0.000000, 0.419718, 0.907654, 0.000000, 0.000000, 0.000000, 0.000000, 1.000000, 0.000000, 1.804572, 0.000000, 0.000000, 1.000000;;,
   3; 16; 0.746586, -0.665288, 0.000000, 0.000000, 0.665288, 0.746586, 0.000000, 0.000000, 0.000000, 0.000000, 1.000000, 0.000000, 1.804572, 0.000000, 0.000000, 1.000000;;,
   4; 16; 0.855938, -0.517079, 0.000000, 0.000000, 0.517079, 0.855938, 0.000000, 0.000000, 0.000000, 0.000000, 1.000000, 0.000000, 1.804572, 0.000000, 0.000000, 1.000000;;,
   5; 16; 0.931007, -0.365001, 0.000000, 0.000000, 0.365001, 0.931007, 0.000000, 0.000000, 0.000000, 0.000000, 1.000000, 0.000000, 1.804572, 0.000000, 0.000000, 1.000000;;,
   6; 16; 0.834083, -0.551639, 0.000000, 0.000000, 0.551639, 0.834083, 0.000000, 0.000000, 0.000000, 0.000000, 1.000000, 0.000000, 1.804572, 0.000000, 0.000000, 1.000000;;,
   7; 16; 0.793215, -0.608941, 0.000000, 0.000000, 0.608941, 0.793215, 0.000000, 0.000000, 0.000000, 0.000000, 1.000000, 0.000000, 1.804572, 0.000000, 0.000000, 1.000000;;,
   8; 16; 0.931677, -0.363288, 0.000000, 0.000000, 0.363288, 0.931677, 0.000000, 0.000000, 0.000000, 0.000000, 1.000000, 0.000000, 1.804572, 0.000000, 0.000000, 1.000000;;,
   9; 16; 0.894689, -0.446690, 0.000000, 0.000000, 0.446690, 0.894689, 0.000000, 0.000000, 0.000000, 0.000000, 1.000000, 0.000000, 1.804572, 0.000000, 0.000000, 1.000000;;,
   10; 16; 0.791099, -0.611688, 0.000000, 0.000000, 0.611688, 0.791099, 0.000000, 0.000000, 0.000000, 0.000000, 1.000000, 0.000000, 1.804572, 0.000000, 0.000000, 1.000000;;,
   11; 16; 0.526491, -0.850181, 0.000000, 0.000000, 0.850181, 0.526491, 0.000000, 0.000000, 0.000000, 0.000000, 1.000000, 0.000000, 1.804572, 0.000000, 0.000000, 1.000000;;,
   12; 16; 0.157466, -0.987524, 0.000000, 0.000000, 0.987524, 0.157466, 0.000000, 0.000000, 0.000000, 0.000000, 1.000000, 0.000000, 1.804572, 0.000000, 0.000000, 1.000000;;,
   13; 16; -0.154605, -0.987976, 0.000000, 0.000000, 0.987976, -0.154605, 0.000000, 0.000000, 0.000000, 0.000000, 1.000000, 0.000000, 1.804572, 0.000000, 0.000000, 1.000000;;,
   14; 16; -0.421131, -0.907000, 0.000000, 0.000000, 0.907000, -0.421131, 0.000000, 0.000000, 0.000000, 0.000000, 1.000000, 0.000000, 1.804572, 0.000000, 0.000000, 1.000000;;,
   15; 16; -0.467643, -0.883918, 0.000000, 0.000000, 0.883918, -0.467643, 0.000000, 0.000000, 0.000000, 0.000000, 1.000000, 0.000000, 1.804572, 0.000000, 0.000000, 1.000000;;,
   16; 16; -0.422542, -0.906344, 0.000000, 0.000000, 0.906344, -0.422542, 0.000000, 0.000000, 0.000000, 0.000000, 1.000000, 0.000000, 1.804572, 0.000000, 0.000000, 1.000000;;,
   17; 16; -0.330310, -0.943873, 0.000000, 0.000000, 0.943873, -0.330310, 0.000000, 0.000000, 0.000000, 0.000000, 1.000000, 0.000000, 1.804572, 0.000000, 0.000000, 1.000000;;,
   18; 16; -0.208588, -0.978004, 0.000000, 0.000000, 0.978004, -0.208588, 0.000000, 0.000000, 0.000000, 0.000000, 1.000000, 0.000000, 1.804572, 0.000000, 0.000000, 1.000000;;,
   19; 16; -0.029077, -0.999577, 0.000000, 0.000000, 0.999577, -0.029077, 0.000000, 0.000000, 0.000000, 0.000000, 1.000000, 0.000000, 1.804572, 0.000000, 0.000000, 1.000000;;,
   20; 16; 0.205883, -0.978577, 0.000000, 0.000000, 0.978577, 0.205883, 0.000000, 0.000000, 0.000000, 0.000000, 1.000000, 0.000000, 1.804572, 0.000000, 0.000000, 1.000000;;,
   21; 16; 0.670498, -0.741911, 0.000000, 0.000000, 0.741911, 0.670498, 0.000000, 0.000000, 0.000000, 0.000000, 1.000000, 0.000000, 1.804572, 0.000000, 0.000000, 1.000000;;;
  }
  AnimationOptions {
   0;
   0;
  }
  { Bip01_L_Leg1 }
 }

 Animation Bip01_L_FootAnimation {

  AnimationKey {
   4;
   23;

   -1; 16; 0.984240, 0.174837, 0.026535, 0.000000, -0.174914, 0.984583, 0.000588, 0.000000, -0.026023, -0.005220, 0.999648, 0.000000, 1.759760, -0.000000, -0.000000, 1.000000;;,
   0; 16; 0.990085, 0.137893, 0.026768, 0.000000, -0.137913, 0.990444, -0.001127, 0.000000, -0.026667, -0.002576, 0.999641, 0.000000, 1.759760, -0.000000, -0.000000, 1.000000;;,
   1; 16; 0.998432, 0.049445, 0.026251, 0.000000, -0.049464, 0.998776, 0.000071, 0.000000, -0.026215, -0.001369, 0.999655, 0.000000, 1.759760, -0.000000, -0.000000, 1.000000;;,
   2; 16; 0.999675, -0.000439, 0.025502, 0.000000, 0.000386, 0.999998, 0.002091, 0.000000, -0.025503, -0.002081, 0.999673, 0.000000, 1.759760, -0.000000, -0.000000, 1.000000;;,
   3; 16; 0.920494, 0.389852, 0.026561, 0.000000, -0.390042, 0.920794, 0.002208, 0.000000, -0.023596, -0.012393, 0.999645, 0.000000, 1.759760, -0.000000, -0.000000, 1.000000;;,
   4; 16; 0.845660, 0.533025, 0.027284, 0.000000, -0.533262, 0.845948, 0.001738, 0.000000, -0.022154, -0.016019, 0.999626, 0.000000, 1.759760, -0.000000, -0.000000, 1.000000;;,
   5; 16; 0.918057, 0.395652, 0.025115, 0.000000, -0.395925, 0.918258, 0.006789, 0.000000, -0.020376, -0.016176, 0.999662, 0.000000, 1.759760, -0.000000, -0.000000, 1.000000;;,
   6; 16; 0.976365, 0.214949, 0.022533, 0.000000, -0.215323, 0.976416, 0.015761, 0.000000, -0.018614, -0.020241, 0.999622, 0.000000, 1.759760, -0.000000, -0.000000, 1.000000;;,
   7; 16; 0.972844, -0.231205, 0.010913, 0.000000, 0.230878, 0.972657, 0.025160, 0.000000, -0.016431, -0.021957, 0.999624, 0.000000, 1.759760, -0.000000, -0.000000, 1.000000;;,
   8; 16; 0.930360, -0.366559, 0.008072, 0.000000, 0.366264, 0.930167, 0.025277, 0.000000, -0.016774, -0.020561, 0.999648, 0.000000, 1.759760, -0.000000, -0.000000, 1.000000;;,
   9; 16; 0.914722, -0.404058, 0.004585, 0.000000, 0.403816, 0.914470, 0.026030, 0.000000, -0.014710, -0.021959, 0.999651, 0.000000, 1.759760, -0.000000, -0.000000, 1.000000;;,
   10; 16; 0.904122, -0.427275, 0.000143, 0.000000, 0.427122, 0.903807, 0.026453, 0.000000, -0.011432, -0.023856, 0.999650, 0.000000, 1.759760, -0.000000, -0.000000, 1.000000;;,
   11; 16; 0.886133, -0.463364, -0.007889, 0.000000, 0.463408, 0.885787, 0.025208, 0.000000, -0.004692, -0.025993, 0.999651, 0.000000, 1.759760, -0.000000, -0.000000, 1.000000;;,
   12; 16; 0.877454, -0.479446, -0.014346, 0.000000, 0.479657, 0.877176, 0.022152, 0.000000, 0.001963, -0.026318, 0.999652, 0.000000, 1.759760, -0.000000, -0.000000, 1.000000;;,
   13; 16; 0.896515, -0.442739, -0.015585, 0.000000, 0.442990, 0.896275, 0.021259, 0.000000, 0.004557, -0.025963, 0.999653, 0.000000, 1.759760, -0.000000, -0.000000, 1.000000;;,
   14; 16; 0.924896, -0.379942, -0.014526, 0.000000, 0.380186, 0.924649, 0.021988, 0.000000, 0.005078, -0.025859, 0.999653, 0.000000, 1.759760, -0.000000, -0.000000, 1.000000;;,
   15; 16; 0.949932, -0.312347, -0.008329, 0.000000, 0.312458, 0.949603, 0.024973, 0.000000, 0.000109, -0.026325, 0.999653, 0.000000, 1.759760, -0.000000, -0.000000, 1.000000;;,
   16; 16; 0.975306, -0.220858, 0.000659, 0.000000, 0.220765, 0.974973, 0.026288, 0.000000, -0.006448, -0.025493, 0.999654, 0.000000, 1.759760, -0.000000, -0.000000, 1.000000;;,
   17; 16; 0.997683, -0.067322, 0.009802, 0.000000, 0.067067, 0.997451, 0.024361, 0.000000, -0.011417, -0.023648, 0.999655, 0.000000, 1.759760, -0.000000, -0.000000, 1.000000;;,
   18; 16; 0.997344, 0.070857, 0.016826, 0.000000, -0.071190, 0.997260, 0.020108, 0.000000, -0.015355, -0.021252, 0.999656, 0.000000, 1.759760, -0.000000, -0.000000, 1.000000;;,
   19; 16; 0.984056, 0.176567, 0.021371, 0.000000, -0.176907, 0.984111, 0.015174, 0.000000, -0.018353, -0.018713, 0.999656, 0.000000, 1.759760, -0.000000, -0.000000, 1.000000;;,
   20; 16; 0.968122, 0.249297, 0.024289, 0.000000, -0.249588, 0.968303, 0.009748, 0.000000, -0.021089, -0.015499, 0.999657, 0.000000, 1.759760, -0.000000, -0.000000, 1.000000;;,
   21; 16; 0.984240, 0.174837, 0.026535, 0.000000, -0.174914, 0.984583, 0.000588, 0.000000, -0.026023, -0.005220, 0.999648, 0.000000, 1.759760, -0.000000, -0.000000, 1.000000;;;
  }
  AnimationOptions {
   0;
   0;
  }
  { Bip01_L_Foot }
 }

 Animation Bip01_L_Toe0Animation {

  AnimationKey {
   4;
   23;

   -1; 16; 0.000000, 1.000000, 0.000000, 0.000000, -1.000000, 0.000000, 0.000000, 0.000000, 0.000000, 0.000000, 1.000000, 0.000000, 0.379309, 0.640722, 0.000000, 1.000000;;,
   0; 16; 0.000000, 1.000000, 0.000000, 0.000000, -1.000000, 0.000000, 0.000000, 0.000000, 0.000000, 0.000000, 1.000000, 0.000000, 0.379309, 0.640722, 0.000000, 1.000000;;,
   1; 16; 0.000000, 1.000000, 0.000000, 0.000000, -1.000000, 0.000000, 0.000000, 0.000000, 0.000000, 0.000000, 1.000000, 0.000000, 0.379309, 0.640722, 0.000000, 1.000000;;,
   2; 16; 0.000000, 1.000000, 0.000000, 0.000000, -1.000000, 0.000000, 0.000000, 0.000000, 0.000000, 0.000000, 1.000000, 0.000000, 0.379309, 0.640722, 0.000000, 1.000000;;,
   3; 16; 0.000000, 1.000000, 0.000000, 0.000000, -1.000000, 0.000000, 0.000000, 0.000000, 0.000000, 0.000000, 1.000000, 0.000000, 0.379309, 0.640722, 0.000000, 1.000000;;,
   4; 16; 0.000000, 1.000000, 0.000000, 0.000000, -1.000000, 0.000000, 0.000000, 0.000000, 0.000000, 0.000000, 1.000000, 0.000000, 0.379309, 0.640722, 0.000000, 1.000000;;,
   5; 16; 0.000000, 1.000000, 0.000000, 0.000000, -1.000000, 0.000000, 0.000000, 0.000000, 0.000000, 0.000000, 1.000000, 0.000000, 0.379309, 0.640722, 0.000000, 1.000000;;,
   6; 16; 0.000000, 1.000000, 0.000000, 0.000000, -1.000000, 0.000000, 0.000000, 0.000000, 0.000000, 0.000000, 1.000000, 0.000000, 0.379309, 0.640722, 0.000000, 1.000000;;,
   7; 16; 0.000000, 1.000000, 0.000000, 0.000000, -1.000000, 0.000000, 0.000000, 0.000000, 0.000000, 0.000000, 1.000000, 0.000000, 0.379309, 0.640722, 0.000000, 1.000000;;,
   8; 16; 0.000000, 1.000000, 0.000000, 0.000000, -1.000000, 0.000000, 0.000000, 0.000000, 0.000000, 0.000000, 1.000000, 0.000000, 0.379309, 0.640722, 0.000000, 1.000000;;,
   9; 16; 0.000000, 1.000000, 0.000000, 0.000000, -1.000000, 0.000000, 0.000000, 0.000000, 0.000000, 0.000000, 1.000000, 0.000000, 0.379309, 0.640722, 0.000000, 1.000000;;,
   10; 16; 0.000000, 1.000000, 0.000000, 0.000000, -1.000000, 0.000000, 0.000000, 0.000000, 0.000000, 0.000000, 1.000000, 0.000000, 0.379309, 0.640722, 0.000000, 1.000000;;,
   11; 16; 0.000000, 1.000000, 0.000000, 0.000000, -1.000000, 0.000000, 0.000000, 0.000000, 0.000000, 0.000000, 1.000000, 0.000000, 0.379309, 0.640722, 0.000000, 1.000000;;,
   12; 16; 0.000000, 1.000000, 0.000000, 0.000000, -1.000000, 0.000000, 0.000000, 0.000000, 0.000000, 0.000000, 1.000000, 0.000000, 0.379309, 0.640722, 0.000000, 1.000000;;,
   13; 16; 0.000000, 1.000000, 0.000000, 0.000000, -1.000000, 0.000000, 0.000000, 0.000000, 0.000000, 0.000000, 1.000000, 0.000000, 0.379309, 0.640722, 0.000000, 1.000000;;,
   14; 16; 0.000000, 1.000000, 0.000000, 0.000000, -1.000000, 0.000000, 0.000000, 0.000000, 0.000000, 0.000000, 1.000000, 0.000000, 0.379309, 0.640722, 0.000000, 1.000000;;,
   15; 16; 0.000000, 1.000000, 0.000000, 0.000000, -1.000000, 0.000000, 0.000000, 0.000000, 0.000000, 0.000000, 1.000000, 0.000000, 0.379309, 0.640722, 0.000000, 1.000000;;,
   16; 16; 0.000000, 1.000000, 0.000000, 0.000000, -1.000000, 0.000000, 0.000000, 0.000000, 0.000000, 0.000000, 1.000000, 0.000000, 0.379309, 0.640722, 0.000000, 1.000000;;,
   17; 16; 0.000000, 1.000000, 0.000000, 0.000000, -1.000000, 0.000000, 0.000000, 0.000000, 0.000000, 0.000000, 1.000000, 0.000000, 0.379309, 0.640722, 0.000000, 1.000000;;,
   18; 16; 0.000000, 1.000000, 0.000000, 0.000000, -1.000000, 0.000000, 0.000000, 0.000000, 0.000000, 0.000000, 1.000000, 0.000000, 0.379309, 0.640722, 0.000000, 1.000000;;,
   19; 16; 0.000000, 1.000000, 0.000000, 0.000000, -1.000000, 0.000000, 0.000000, 0.000000, 0.000000, 0.000000, 1.000000, 0.000000, 0.379309, 0.640722, 0.000000, 1.000000;;,
   20; 16; 0.000000, 1.000000, 0.000000, 0.000000, -1.000000, 0.000000, 0.000000, 0.000000, 0.000000, 0.000000, 1.000000, 0.000000, 0.379309, 0.640722, 0.000000, 1.000000;;,
   21; 16; 0.000000, 1.000000, 0.000000, 0.000000, -1.000000, 0.000000, 0.000000, 0.000000, 0.000000, 0.000000, 1.000000, 0.000000, 0.379309, 0.640722, 0.000000, 1.000000;;;
  }
  AnimationOptions {
   0;
   0;
  }
  { Bip01_L_Toe0 }
 }

 Animation Bip01_L_Toe01Animation {

  AnimationKey {
   4;
   23;

   -1; 16; 1.000000, 0.000000, 0.000000, 0.000000, 0.000000, 1.000000, 0.000000, 0.000000, 0.000000, 0.000000, 1.000000, 0.000000, 0.093574, 0.000000, 0.000000, 1.000000;;,
   0; 16; 1.000000, 0.000000, 0.000000, 0.000000, 0.000000, 1.000000, 0.000000, 0.000000, 0.000000, 0.000000, 1.000000, 0.000000, 0.093574, 0.000000, 0.000000, 1.000000;;,
   1; 16; 1.000000, 0.000000, 0.000000, 0.000000, 0.000000, 1.000000, 0.000000, 0.000000, 0.000000, 0.000000, 1.000000, 0.000000, 0.093574, 0.000000, 0.000000, 1.000000;;,
   2; 16; 1.000000, 0.000000, 0.000000, 0.000000, 0.000000, 1.000000, 0.000000, 0.000000, 0.000000, 0.000000, 1.000000, 0.000000, 0.093574, 0.000000, 0.000000, 1.000000;;,
   3; 16; 1.000000, 0.000000, 0.000000, 0.000000, 0.000000, 1.000000, 0.000000, 0.000000, 0.000000, 0.000000, 1.000000, 0.000000, 0.093574, 0.000000, 0.000000, 1.000000;;,
   4; 16; 1.000000, 0.000000, 0.000000, 0.000000, 0.000000, 1.000000, 0.000000, 0.000000, 0.000000, 0.000000, 1.000000, 0.000000, 0.093574, 0.000000, 0.000000, 1.000000;;,
   5; 16; 1.000000, 0.000000, 0.000000, 0.000000, 0.000000, 1.000000, 0.000000, 0.000000, 0.000000, 0.000000, 1.000000, 0.000000, 0.093574, 0.000000, 0.000000, 1.000000;;,
   6; 16; 1.000000, 0.000000, 0.000000, 0.000000, 0.000000, 1.000000, 0.000000, 0.000000, 0.000000, 0.000000, 1.000000, 0.000000, 0.093574, 0.000000, 0.000000, 1.000000;;,
   7; 16; 1.000000, 0.000000, 0.000000, 0.000000, 0.000000, 1.000000, 0.000000, 0.000000, 0.000000, 0.000000, 1.000000, 0.000000, 0.093574, 0.000000, 0.000000, 1.000000;;,
   8; 16; 1.000000, 0.000000, 0.000000, 0.000000, 0.000000, 1.000000, 0.000000, 0.000000, 0.000000, 0.000000, 1.000000, 0.000000, 0.093574, 0.000000, 0.000000, 1.000000;;,
   9; 16; 1.000000, 0.000000, 0.000000, 0.000000, 0.000000, 1.000000, 0.000000, 0.000000, 0.000000, 0.000000, 1.000000, 0.000000, 0.093574, 0.000000, 0.000000, 1.000000;;,
   10; 16; 1.000000, 0.000000, 0.000000, 0.000000, 0.000000, 1.000000, 0.000000, 0.000000, 0.000000, 0.000000, 1.000000, 0.000000, 0.093574, 0.000000, 0.000000, 1.000000;;,
   11; 16; 1.000000, 0.000000, 0.000000, 0.000000, 0.000000, 1.000000, 0.000000, 0.000000, 0.000000, 0.000000, 1.000000, 0.000000, 0.093574, 0.000000, 0.000000, 1.000000;;,
   12; 16; 1.000000, 0.000000, 0.000000, 0.000000, 0.000000, 1.000000, 0.000000, 0.000000, 0.000000, 0.000000, 1.000000, 0.000000, 0.093574, 0.000000, 0.000000, 1.000000;;,
   13; 16; 1.000000, 0.000000, 0.000000, 0.000000, 0.000000, 1.000000, 0.000000, 0.000000, 0.000000, 0.000000, 1.000000, 0.000000, 0.093574, 0.000000, 0.000000, 1.000000;;,
   14; 16; 1.000000, 0.000000, 0.000000, 0.000000, 0.000000, 1.000000, 0.000000, 0.000000, 0.000000, 0.000000, 1.000000, 0.000000, 0.093574, 0.000000, 0.000000, 1.000000;;,
   15; 16; 1.000000, 0.000000, 0.000000, 0.000000, 0.000000, 1.000000, 0.000000, 0.000000, 0.000000, 0.000000, 1.000000, 0.000000, 0.093574, 0.000000, 0.000000, 1.000000;;,
   16; 16; 1.000000, 0.000000, 0.000000, 0.000000, 0.000000, 1.000000, 0.000000, 0.000000, 0.000000, 0.000000, 1.000000, 0.000000, 0.093574, 0.000000, 0.000000, 1.000000;;,
   17; 16; 1.000000, 0.000000, 0.000000, 0.000000, 0.000000, 1.000000, 0.000000, 0.000000, 0.000000, 0.000000, 1.000000, 0.000000, 0.093574, 0.000000, 0.000000, 1.000000;;,
   18; 16; 1.000000, 0.000000, 0.000000, 0.000000, 0.000000, 1.000000, 0.000000, 0.000000, 0.000000, 0.000000, 1.000000, 0.000000, 0.093574, 0.000000, 0.000000, 1.000000;;,
   19; 16; 1.000000, 0.000000, 0.000000, 0.000000, 0.000000, 1.000000, 0.000000, 0.000000, 0.000000, 0.000000, 1.000000, 0.000000, 0.093574, 0.000000, 0.000000, 1.000000;;,
   20; 16; 1.000000, 0.000000, 0.000000, 0.000000, 0.000000, 1.000000, 0.000000, 0.000000, 0.000000, 0.000000, 1.000000, 0.000000, 0.093574, 0.000000, 0.000000, 1.000000;;,
   21; 16; 1.000000, 0.000000, 0.000000, 0.000000, 0.000000, 1.000000, 0.000000, 0.000000, 0.000000, 0.000000, 1.000000, 0.000000, 0.093574, 0.000000, 0.000000, 1.000000;;;
  }
  AnimationOptions {
   0;
   0;
  }
  { Bip01_L_Toe01 }
 }

 Animation Bip01_L_Toe02Animation {

  AnimationKey {
   4;
   23;

   -1; 16; 1.000000, 0.000000, 0.000000, 0.000000, 0.000000, 1.000000, 0.000000, 0.000000, 0.000000, 0.000000, 1.000000, 0.000000, 0.093574, 0.000000, 0.000000, 1.000000;;,
   0; 16; 1.000000, 0.000000, 0.000000, 0.000000, 0.000000, 1.000000, 0.000000, 0.000000, 0.000000, 0.000000, 1.000000, 0.000000, 0.093574, 0.000000, 0.000000, 1.000000;;,
   1; 16; 1.000000, 0.000000, 0.000000, 0.000000, 0.000000, 1.000000, 0.000000, 0.000000, 0.000000, 0.000000, 1.000000, 0.000000, 0.093574, 0.000000, 0.000000, 1.000000;;,
   2; 16; 1.000000, 0.000000, 0.000000, 0.000000, 0.000000, 1.000000, 0.000000, 0.000000, 0.000000, 0.000000, 1.000000, 0.000000, 0.093574, 0.000000, 0.000000, 1.000000;;,
   3; 16; 1.000000, 0.000000, 0.000000, 0.000000, 0.000000, 1.000000, 0.000000, 0.000000, 0.000000, 0.000000, 1.000000, 0.000000, 0.093574, 0.000000, 0.000000, 1.000000;;,
   4; 16; 1.000000, 0.000000, 0.000000, 0.000000, 0.000000, 1.000000, 0.000000, 0.000000, 0.000000, 0.000000, 1.000000, 0.000000, 0.093574, 0.000000, 0.000000, 1.000000;;,
